1039 320 240
147 141 3 1
148 141 3 1
149 141 3 1
150 141 3 1
151 141 3 1
114 152 4 1
273 157 9 0
274 157 9 0
275 157 9 0
276 157 9 0
277 157 9 0
288 108 9 0
278 157 9 0
289 108 9 0
279 157 9 0
290 108 9 0
291 108 9 0
292 108 9 0
293 108 9 0
294 108 9 0
210 43 8 1
211 43 8 1
212 43 8 1
213 43 8 1
214 43 8 1
215 43 8 1
216 43 8 1
264 168 9 0
265 168 9 0
266 168 9 0
267 168 9 0
268 168 9 0
269 168 9 0
270 168 9 0
271 168 9 0
286 119 9 0
287 119 9 0
288 119 9 0
289 119 9 0
29 11 5 1
290 119 9 0
291 119 9 0
292 119 9 0
252 179 9 0
253 179 9 0
226 141 7 1
254 179 9 0
227 141 7 1
255 179 9 0
228 141 7 1
256 179 9 0
229 141 7 1
257 179 9 0
230 141 7 1
258 179 9 0
259 179 9 0
260 179 9 0
261 179 9 0
285 130 9 0
286 130 9 0
238 190 9 0
287 130 9 0
239 190 9 0
288 130 9 0
240 190 9 0
289 130 9 0
241 190 9 0
290 130 9 0
242 190 9 0
291 130 9 0
243 190 9 0
244 190 9 0
245 190 9 0
246 190 9 0
247 190 9 0
248 190 9 0
249 190 9 0
233 103 2 1
250 190 9 0
234 103 2 1
235 103 2 1
236 103 2 1
237 103 2 1
238 103 2 1
239 103 2 1
240 103 2 1
241 103 2 1
283 141 9 0
284 141 9 0
285 141 9 0
286 141 9 0
287 141 9 0
288 141 9 0
289 141 9 0
112 147 4 1
113 147 4 1
114 147 4 1
115 147 4 1
116 147 4 1
276 152 9 0
277 152 9 0
278 152 9 0
279 152 9 0
280 152 9 0
281 152 9 0
282 152 9 0
283 152 9 0
32 93 6 1
33 93 6 1
34 93 6 1
268 163 9 0
35 93 6 1
269 163 9 0
36 93 6 1
270 163 9 0
271 163 9 0
272 163 9 0
273 163 9 0
274 163 9 0
287 114 9 0
27 6 5 1
288 114 9 0
28 6 5 1
289 114 9 0
29 6 5 1
290 114 9 0
30 6 5 1
291 114 9 0
31 6 5 1
292 114 9 0
293 114 9 0
258 174 9 0
259 174 9 0
260 174 9 0
261 174 9 0
262 174 9 0
263 174 9 0
264 174 9 0
265 174 9 0
286 125 9 0
287 125 9 0
288 125 9 0
289 125 9 0
290 125 9 0
291 125 9 0
292 125 9 0
247 185 9 0
248 185 9 0
249 185 9 0
250 185 9 0
251 185 9 0
252 185 9 0
253 185 9 0
254 185 9 0
238 98 2 1
239 98 2 1
240 98 2 1
241 98 2 1
242 98 2 1
243 98 2 1
244 98 2 1
245 98 2 1
246 98 2 1
247 98 2 1
248 98 2 1
249 98 2 1
284 136 9 0
236 196 9 0
285 136 9 0
237 196 9 0
286 136 9 0
238 196 9 0
287 136 9 0
239 196 9 0
288 136 9 0
240 196 9 0
289 136 9 0
241 196 9 0
290 136 9 0
279 147 9 0
280 147 9 0
281 147 9 0
282 147 9 0
283 147 9 0
284 147 9 0
285 147 9 0
286 147 9 0
146 142 3 1
147 142 3 1
148 142 3 1
149 142 3 1
150 142 3 1
151 142 3 1
152 142 3 1
271 158 9 0
272 158 9 0
273 158 9 0
274 158 9 0
275 158 9 0
276 158 9 0
277 158 9 0
288 109 9 0
278 158 9 0
289 109 9 0
279 158 9 0
290 109 9 0
291 109 9 0
292 109 9 0
293 109 9 0
294 109 9 0
211 44 8 1
212 44 8 1
213 44 8 1
214 44 8 1
215 44 8 1
262 169 9 0
263 169 9 0
264 169 9 0
265 169 9 0
266 169 9 0
267 169 9 0
268 169 9 0
269 169 9 0
270 169 9 0
286 120 9 0
287 120 9 0
288 120 9 0
289 120 9 0
290 120 9 0
291 120 9 0
292 120 9 0
251 180 9 0
252 180 9 0
253 180 9 0
226 142 7 1
254 180 9 0
227 142 7 1
255 180 9 0
228 142 7 1
256 180 9 0
229 142 7 1
257 180 9 0
230 142 7 1
258 180 9 0
259 180 9 0
260 180 9 0
236 191 9 0
285 131 9 0
237 191 9 0
286 131 9 0
238 191 9 0
287 131 9 0
239 191 9 0
288 131 9 0
240 191 9 0
289 131 9 0
241 191 9 0
290 131 9 0
242 191 9 0
291 131 9 0
243 191 9 0
244 191 9 0
245 191 9 0
246 191 9 0
247 191 9 0
248 191 9 0
232 104 2 1
233 104 2 1
234 104 2 1
235 104 2 1
236 104 2 1
237 104 2 1
238 104 2 1
239 104 2 1
240 104 2 1
282 142 9 0
283 142 9 0
284 142 9 0
285 142 9 0
286 142 9 0
287 142 9 0
288 142 9 0
289 142 9 0
112 148 4 1
113 148 4 1
114 148 4 1
115 148 4 1
116 148 4 1
275 153 9 0
276 153 9 0
277 153 9 0
278 153 9 0
279 153 9 0
280 153 9 0
291 104 9 0
281 153 9 0
282 153 9 0
283 153 9 0
32 94 6 1
33 94 6 1
34 94 6 1
267 164 9 0
35 94 6 1
268 164 9 0
36 94 6 1
269 164 9 0
270 164 9 0
271 164 9 0
272 164 9 0
273 164 9 0
274 164 9 0
27 7 5 1
287 115 9 0
28 7 5 1
288 115 9 0
29 7 5 1
289 115 9 0
30 7 5 1
290 115 9 0
31 7 5 1
291 115 9 0
292 115 9 0
293 115 9 0
257 175 9 0
258 175 9 0
259 175 9 0
260 175 9 0
261 175 9 0
262 175 9 0
263 175 9 0
264 175 9 0
265 175 9 0
285 126 9 0
286 126 9 0
287 126 9 0
288 126 9 0
289 126 9 0
290 126 9 0
291 126 9 0
245 186 9 0
246 186 9 0
247 186 9 0
248 186 9 0
249 186 9 0
250 186 9 0
251 186 9 0
252 186 9 0
253 186 9 0
237 99 2 1
254 186 9 0
238 99 2 1
239 99 2 1
240 99 2 1
241 99 2 1
242 99 2 1
243 99 2 1
244 99 2 1
245 99 2 1
246 99 2 1
247 99 2 1
248 99 2 1
283 137 9 0
284 137 9 0
285 137 9 0
286 137 9 0
238 197 9 0
287 137 9 0
288 137 9 0
289 137 9 0
279 148 9 0
280 148 9 0
281 148 9 0
282 148 9 0
283 148 9 0
284 148 9 0
285 148 9 0
147 143 3 1
148 143 3 1
149 143 3 1
150 143 3 1
151 143 3 1
34 89 6 1
270 159 9 0
271 159 9 0
272 159 9 0
273 159 9 0
274 159 9 0
275 159 9 0
276 159 9 0
277 159 9 0
288 110 9 0
278 159 9 0
289 110 9 0
290 110 9 0
291 110 9 0
292 110 9 0
293 110 9 0
294 110 9 0
211 45 8 1
212 45 8 1
213 45 8 1
214 45 8 1
215 45 8 1
261 170 9 0
262 170 9 0
263 170 9 0
264 170 9 0
265 170 9 0
266 170 9 0
267 170 9 0
268 170 9 0
269 170 9 0
270 170 9 0
286 121 9 0
287 121 9 0
288 121 9 0
289 121 9 0
290 121 9 0
291 121 9 0
292 121 9 0
250 181 9 0
251 181 9 0
252 181 9 0
225 143 7 1
253 181 9 0
226 143 7 1
254 181 9 0
227 143 7 1
255 181 9 0
228 143 7 1
256 181 9 0
229 143 7 1
257 181 9 0
230 143 7 1
258 181 9 0
231 143 7 1
259 181 9 0
236 192 9 0
285 132 9 0
237 192 9 0
286 132 9 0
238 192 9 0
287 132 9 0
239 192 9 0
288 132 9 0
240 192 9 0
289 132 9 0
241 192 9 0
290 132 9 0
242 192 9 0
291 132 9 0
243 192 9 0
244 192 9 0
245 192 9 0
246 192 9 0
247 192 9 0
232 105 2 1
233 105 2 1
234 105 2 1
235 105 2 1
236 105 2 1
237 105 2 1
238 105 2 1
239 105 2 1
282 143 9 0
283 143 9 0
284 143 9 0
285 143 9 0
286 143 9 0
287 143 9 0
288 143 9 0
111 149 4 1
112 149 4 1
113 149 4 1
114 149 4 1
115 149 4 1
116 149 4 1
117 149 4 1
275 154 9 0
276 154 9 0
277 154 9 0
278 154 9 0
289 105 9 0
279 154 9 0
290 105 9 0
280 154 9 0
291 105 9 0
281 154 9 0
292 105 9 0
282 154 9 0
293 105 9 0
213 40 8 1
266 165 9 0
34 95 6 1
267 165 9 0
268 165 9 0
269 165 9 0
270 165 9 0
271 165 9 0
272 165 9 0
273 165 9 0
26 8 5 1
287 116 9 0
27 8 5 1
288 116 9 0
28 8 5 1
289 116 9 0
29 8 5 1
290 116 9 0
30 8 5 1
291 116 9 0
31 8 5 1
292 116 9 0
32 8 5 1
293 116 9 0
256 176 9 0
257 176 9 0
258 176 9 0
259 176 9 0
260 176 9 0
261 176 9 0
262 176 9 0
263 176 9 0
264 176 9 0
285 127 9 0
286 127 9 0
287 127 9 0
288 127 9 0
289 127 9 0
290 127 9 0
291 127 9 0
244 187 9 0
245 187 9 0
246 187 9 0
247 187 9 0
248 187 9 0
249 187 9 0
250 187 9 0
251 187 9 0
252 187 9 0
236 100 2 1
253 187 9 0
237 100 2 1
238 100 2 1
239 100 2 1
240 100 2 1
241 100 2 1
242 100 2 1
243 100 2 1
244 100 2 1
245 100 2 1
246 100 2 1
247 100 2 1
248 100 2 1
283 138 9 0
284 138 9 0
285 138 9 0
286 138 9 0
287 138 9 0
288 138 9 0
289 138 9 0
279 149 9 0
280 149 9 0
281 149 9 0
282 149 9 0
283 149 9 0
284 149 9 0
285 149 9 0
147 144 3 1
148 144 3 1
149 144 3 1
150 144 3 1
151 144 3 1
32 90 6 1
33 90 6 1
34 90 6 1
35 90 6 1
36 90 6 1
270 160 9 0
271 160 9 0
272 160 9 0
273 160 9 0
274 160 9 0
275 160 9 0
276 160 9 0
287 111 9 0
277 160 9 0
288 111 9 0
278 160 9 0
289 111 9 0
290 111 9 0
291 111 9 0
292 111 9 0
293 111 9 0
294 111 9 0
213 46 8 1
261 171 9 0
262 171 9 0
263 171 9 0
264 171 9 0
265 171 9 0
266 171 9 0
267 171 9 0
268 171 9 0
269 171 9 0
286 122 9 0
287 122 9 0
288 122 9 0
289 122 9 0
290 122 9 0
291 122 9 0
292 122 9 0
250 182 9 0
251 182 9 0
252 182 9 0
253 182 9 0
226 144 7 1
254 182 9 0
227 144 7 1
255 182 9 0
228 144 7 1
256 182 9 0
229 144 7 1
257 182 9 0
230 144 7 1
258 182 9 0
242 95 2 1
243 95 2 1
244 95 2 1
245 95 2 1
246 95 2 1
235 193 9 0
236 193 9 0
285 133 9 0
237 193 9 0
286 133 9 0
238 193 9 0
287 133 9 0
239 193 9 0
288 133 9 0
240 193 9 0
289 133 9 0
241 193 9 0
290 133 9 0
242 193 9 0
291 133 9 0
243 193 9 0
244 193 9 0
245 193 9 0
246 193 9 0
233 106 2 1
234 106 2 1
235 106 2 1
236 106 2 1
237 106 2 1
238 106 2 1
281 144 9 0
282 144 9 0
283 144 9 0
284 144 9 0
285 144 9 0
286 144 9 0
287 144 9 0
288 144 9 0
149 139 3 1
112 150 4 1
113 150 4 1
114 150 4 1
115 150 4 1
116 150 4 1
274 155 9 0
275 155 9 0
276 155 9 0
277 155 9 0
278 155 9 0
289 106 9 0
279 155 9 0
290 106 9 0
280 155 9 0
291 106 9 0
292 106 9 0
293 106 9 0
211 41 8 1
212 41 8 1
213 41 8 1
214 41 8 1
215 41 8 1
266 166 9 0
267 166 9 0
268 166 9 0
269 166 9 0
270 166 9 0
271 166 9 0
272 166 9 0
273 166 9 0
287 117 9 0
27 9 5 1
288 117 9 0
28 9 5 1
289 117 9 0
29 9 5 1
290 117 9 0
30 9 5 1
291 117 9 0
31 9 5 1
292 117 9 0
293 117 9 0
255 177 9 0
256 177 9 0
257 177 9 0
258 177 9 0
259 177 9 0
260 177 9 0
261 177 9 0
262 177 9 0
263 177 9 0
285 128 9 0
286 128 9 0
287 128 9 0
288 128 9 0
289 128 9 0
290 128 9 0
291 128 9 0
243 188 9 0
244 188 9 0
245 188 9 0
246 188 9 0
247 188 9 0
248 188 9 0
249 188 9 0
250 188 9 0
234 101 2 1
251 188 9 0
235 101 2 1
236 101 2 1
237 101 2 1
238 101 2 1
239 101 2 1
240 101 2 1
241 101 2 1
242 101 2 1
243 101 2 1
244 101 2 1
245 101 2 1
246 101 2 1
283 139 9 0
284 139 9 0
285 139 9 0
286 139 9 0
287 139 9 0
288 139 9 0
289 139 9 0
277 150 9 0
278 150 9 0
279 150 9 0
280 150 9 0
281 150 9 0
282 150 9 0
283 150 9 0
284 150 9 0
149 145 3 1
32 91 6 1
33 91 6 1
34 91 6 1
35 91 6 1
269 161 9 0
36 91 6 1
270 161 9 0
271 161 9 0
272 161 9 0
273 161 9 0
274 161 9 0
275 161 9 0
276 161 9 0
287 112 9 0
277 161 9 0
288 112 9 0
289 112 9 0
290 112 9 0
291 112 9 0
292 112 9 0
293 112 9 0
260 172 9 0
261 172 9 0
262 172 9 0
263 172 9 0
264 172 9 0
265 172 9 0
266 172 9 0
267 172 9 0
268 172 9 0
286 123 9 0
287 123 9 0
288 123 9 0
289 123 9 0
290 123 9 0
291 123 9 0
292 123 9 0
248 183 9 0
249 183 9 0
250 183 9 0
251 183 9 0
252 183 9 0
253 183 9 0
226 145 7 1
254 183 9 0
227 145 7 1
255 183 9 0
228 145 7 1
256 183 9 0
229 145 7 1
240 96 2 1
257 183 9 0
230 145 7 1
241 96 2 1
242 96 2 1
243 96 2 1
244 96 2 1
245 96 2 1
246 96 2 1
247 96 2 1
248 96 2 1
235 194 9 0
284 134 9 0
236 194 9 0
285 134 9 0
237 194 9 0
286 134 9 0
238 194 9 0
287 134 9 0
239 194 9 0
288 134 9 0
240 194 9 0
289 134 9 0
241 194 9 0
290 134 9 0
242 194 9 0
243 194 9 0
244 194 9 0
245 194 9 0
233 107 2 1
234 107 2 1
235 107 2 1
236 107 2 1
237 107 2 1
280 145 9 0
281 145 9 0
282 145 9 0
283 145 9 0
284 145 9 0
285 145 9 0
286 145 9 0
287 145 9 0
147 140 3 1
148 140 3 1
149 140 3 1
112 151 4 1
150 140 3 1
113 151 4 1
151 140 3 1
114 151 4 1
115 151 4 1
116 151 4 1
274 156 9 0
275 156 9 0
276 156 9 0
277 156 9 0
288 107 9 0
278 156 9 0
289 107 9 0
279 156 9 0
290 107 9 0
280 156 9 0
291 107 9 0
292 107 9 0
293 107 9 0
294 107 9 0
211 42 8 1
212 42 8 1
213 42 8 1
214 42 8 1
215 42 8 1
265 167 9 0
266 167 9 0
267 167 9 0
268 167 9 0
269 167 9 0
270 167 9 0
271 167 9 0
272 167 9 0
286 118 9 0
27 10 5 1
287 118 9 0
28 10 5 1
288 118 9 0
29 10 5 1
289 118 9 0
30 10 5 1
290 118 9 0
31 10 5 1
291 118 9 0
292 118 9 0
254 178 9 0
255 178 9 0
228 140 7 1
256 178 9 0
257 178 9 0
258 178 9 0
259 178 9 0
260 178 9 0
261 178 9 0
262 178 9 0
285 129 9 0
286 129 9 0
287 129 9 0
288 129 9 0
289 129 9 0
290 129 9 0
242 189 9 0
291 129 9 0
243 189 9 0
244 189 9 0
245 189 9 0
246 189 9 0
247 189 9 0
248 189 9 0
249 189 9 0
233 102 2 1
250 189 9 0
234 102 2 1
251 189 9 0
235 102 2 1
236 102 2 1
237 102 2 1
238 102 2 1
239 102 2 1
240 102 2 1
241 102 2 1
242 102 2 1
283 140 9 0
284 140 9 0
285 140 9 0
286 140 9 0
287 140 9 0
288 140 9 0
289 140 9 0
114 146 4 1
276 151 9 0
277 151 9 0
278 151 9 0
279 151 9 0
280 151 9 0
281 151 9 0
282 151 9 0
283 151 9 0
284 151 9 0
31 92 6 1
32 92 6 1
33 92 6 1
34 92 6 1
35 92 6 1
36 92 6 1
269 162 9 0
37 92 6 1
270 162 9 0
271 162 9 0
272 162 9 0
273 162 9 0
274 162 9 0
275 162 9 0
276 162 9 0
287 113 9 0
288 113 9 0
29 5 5 1
289 113 9 0
290 113 9 0
291 113 9 0
292 113 9 0
293 113 9 0
259 173 9 0
260 173 9 0
261 173 9 0
262 173 9 0
263 173 9 0
264 173 9 0
265 173 9 0
266 173 9 0
267 173 9 0
286 124 9 0
287 124 9 0
288 124 9 0
289 124 9 0
290 124 9 0
291 124 9 0
292 124 9 0
247 184 9 0
248 184 9 0
249 184 9 0
250 184 9 0
251 184 9 0
252 184 9 0
253 184 9 0
254 184 9 0
238 97 2 1
255 184 9 0
228 146 7 1
239 97 2 1
240 97 2 1
241 97 2 1
242 97 2 1
243 97 2 1
244 97 2 1
245 97 2 1
246 97 2 1
247 97 2 1
248 97 2 1
284 135 9 0
236 195 9 0
285 135 9 0
237 195 9 0
286 135 9 0
238 195 9 0
287 135 9 0
239 195 9 0
288 135 9 0
240 195 9 0
289 135 9 0
241 195 9 0
290 135 9 0
242 195 9 0
243 195 9 0
235 108 2 1
280 146 9 0
281 146 9 0
282 146 9 0
283 146 9 0
284 146 9 0
285 146 9 0
286 146 9 0
