3548 480 320
203 132 23 1
152 62 21 0
204 132 23 1
306 272 19 0
205 132 23 1
307 272 19 0
206 132 23 1
308 272 19 0
207 132 23 1
309 272 19 0
208 132 23 1
310 272 19 0
209 132 23 1
311 272 19 0
210 132 23 1
312 272 19 0
211 132 23 1
212 132 23 1
213 132 23 1
214 132 23 1
39 257 6 1
215 132 23 1
40 257 6 1
216 132 23 1
41 257 6 1
217 132 23 1
218 280 20 0
42 257 6 1
143 249 22 0
218 132 23 1
219 280 20 0
43 257 6 1
144 249 22 0
219 132 23 1
220 280 20 0
145 249 22 0
220 132 23 1
221 280 20 0
146 249 22 0
221 132 23 1
222 280 20 0
147 249 22 0
222 132 23 1
223 280 20 0
148 249 22 0
223 132 23 1
224 280 20 0
149 249 22 0
224 132 23 1
225 132 23 1
309 311 19 0
310 311 19 0
311 311 19 0
312 311 19 0
313 311 19 0
136 288 22 0
137 288 22 0
138 288 22 0
139 288 22 0
140 288 22 0
141 288 22 0
142 288 22 0
416 194 18 0
417 194 18 0
418 194 18 0
419 194 18 0
420 194 18 0
421 194 18 0
422 194 18 0
396 85 9 1
271 280 16 1
397 85 9 1
272 280 16 1
398 85 9 1
273 280 16 1
399 85 9 1
274 280 16 1
400 85 9 1
275 280 16 1
349 15 4 1
276 280 16 1
277 280 16 1
356 15 4 1
142 70 21 0
143 70 21 0
221 249 20 0
144 70 21 0
222 249 20 0
145 70 21 0
223 249 20 0
146 70 21 0
224 249 20 0
147 70 21 0
225 249 20 0
148 70 21 0
226 249 20 0
227 249 20 0
306 280 19 0
307 280 19 0
308 280 19 0
309 280 19 0
310 280 19 0
311 280 19 0
312 280 19 0
218 288 20 0
143 257 22 0
219 288 20 0
144 257 22 0
220 288 20 0
145 257 22 0
221 288 20 0
146 257 22 0
222 288 20 0
147 257 22 0
223 288 20 0
148 257 22 0
224 288 20 0
149 257 22 0
178 218 14 1
179 218 14 1
180 218 14 1
181 218 14 1
182 218 14 1
416 163 18 0
417 163 18 0
418 163 18 0
419 163 18 0
420 163 18 0
421 163 18 0
422 163 18 0
417 202 18 0
418 202 18 0
419 202 18 0
420 202 18 0
421 202 18 0
422 202 18 0
423 202 18 0
347 23 10 1
348 23 10 1
349 23 10 1
350 23 10 1
351 23 10 1
306 249 19 0
307 249 19 0
308 249 19 0
309 249 19 0
310 249 19 0
311 249 19 0
312 249 19 0
161 39 21 0
63 195 2 0
64 195 2 0
65 195 2 0
66 195 2 0
67 195 2 0
68 195 2 0
220 257 20 0
69 195 2 0
221 257 20 0
222 257 20 0
223 257 20 0
224 257 20 0
148 226 22 0
225 257 20 0
149 226 22 0
226 257 20 0
150 226 22 0
151 226 22 0
152 226 22 0
153 226 22 0
306 288 19 0
307 288 19 0
308 288 19 0
309 288 19 0
310 288 19 0
311 288 19 0
312 288 19 0
215 296 20 0
216 296 20 0
367 210 17 1
217 296 20 0
141 265 22 0
368 210 17 1
218 296 20 0
142 265 22 0
369 210 17 1
219 296 20 0
143 265 22 0
370 210 17 1
220 296 20 0
144 265 22 0
371 210 17 1
221 296 20 0
145 265 22 0
222 296 20 0
146 265 22 0
147 265 22 0
415 171 18 0
416 171 18 0
417 171 18 0
418 171 18 0
419 171 18 0
420 171 18 0
421 171 18 0
417 210 18 0
418 210 18 0
419 210 18 0
420 210 18 0
421 210 18 0
422 210 18 0
423 210 18 0
306 257 19 0
307 257 19 0
155 47 21 0
308 257 19 0
156 47 21 0
309 257 19 0
157 47 21 0
310 257 19 0
158 47 21 0
311 257 19 0
159 47 21 0
312 257 19 0
160 47 21 0
161 47 21 0
162 47 21 0
219 265 20 0
220 265 20 0
145 234 22 0
221 265 20 0
146 234 22 0
222 265 20 0
147 234 22 0
223 265 20 0
148 234 22 0
224 265 20 0
149 234 22 0
225 265 20 0
150 234 22 0
151 234 22 0
307 296 19 0
308 296 19 0
309 296 19 0
310 296 19 0
311 296 19 0
312 296 19 0
313 296 19 0
214 304 20 0
215 304 20 0
139 273 22 0
216 304 20 0
140 273 22 0
217 304 20 0
141 273 22 0
218 304 20 0
142 273 22 0
219 304 20 0
143 273 22 0
220 304 20 0
244 117 23 1
144 273 22 0
245 117 23 1
145 273 22 0
246 117 23 1
247 117 23 1
248 117 23 1
249 117 23 1
250 117 23 1
251 117 23 1
252 117 23 1
253 117 23 1
254 117 23 1
255 117 23 1
256 117 23 1
257 117 23 1
258 117 23 1
259 117 23 1
260 117 23 1
415 179 18 0
416 179 18 0
417 179 18 0
418 179 18 0
419 179 18 0
244 304 12 1
420 179 18 0
245 304 12 1
421 179 18 0
246 304 12 1
347 296 15 1
247 304 12 1
348 296 15 1
248 304 12 1
349 296 15 1
350 296 15 1
351 296 15 1
264 304 11 1
265 304 11 1
266 304 11 1
417 218 18 0
267 304 11 1
418 218 18 0
268 304 11 1
419 218 18 0
420 218 18 0
421 218 18 0
422 218 18 0
423 218 18 0
149 55 21 0
150 55 21 0
151 55 21 0
152 55 21 0
153 55 21 0
306 265 19 0
154 55 21 0
307 265 19 0
155 55 21 0
308 265 19 0
156 55 21 0
309 265 19 0
310 265 19 0
311 265 19 0
312 265 19 0
218 273 20 0
219 273 20 0
220 273 20 0
145 242 22 0
221 273 20 0
146 242 22 0
222 273 20 0
147 242 22 0
223 273 20 0
148 242 22 0
224 273 20 0
149 242 22 0
150 242 22 0
151 242 22 0
226 125 23 1
227 125 23 1
228 125 23 1
229 125 23 1
230 125 23 1
308 304 19 0
231 125 23 1
309 304 19 0
232 125 23 1
310 304 19 0
233 125 23 1
311 304 19 0
234 125 23 1
312 304 19 0
235 125 23 1
313 304 19 0
236 125 23 1
314 304 19 0
237 125 23 1
137 133 23 1
238 125 23 1
138 281 22 0
138 133 23 1
239 125 23 1
139 281 22 0
139 133 23 1
240 125 23 1
140 281 22 0
140 133 23 1
241 125 23 1
141 281 22 0
141 133 23 1
142 281 22 0
142 133 23 1
143 281 22 0
143 133 23 1
144 281 22 0
144 133 23 1
145 133 23 1
146 133 23 1
147 133 23 1
148 133 23 1
149 133 23 1
150 133 23 1
151 133 23 1
152 133 23 1
153 133 23 1
53 289 7 1
154 133 23 1
54 289 7 1
155 133 23 1
55 289 7 1
156 133 23 1
56 289 7 1
157 133 23 1
57 289 7 1
158 133 23 1
159 133 23 1
160 133 23 1
161 133 23 1
415 187 18 0
162 133 23 1
416 187 18 0
163 133 23 1
417 187 18 0
164 133 23 1
418 187 18 0
165 133 23 1
419 187 18 0
166 133 23 1
420 187 18 0
167 133 23 1
421 187 18 0
168 133 23 1
169 133 23 1
396 78 9 1
170 133 23 1
397 78 9 1
171 133 23 1
398 78 9 1
172 133 23 1
399 78 9 1
173 133 23 1
400 78 9 1
174 133 23 1
401 78 9 1
175 133 23 1
402 78 9 1
176 133 23 1
177 133 23 1
178 133 23 1
179 133 23 1
180 133 23 1
181 133 23 1
182 133 23 1
183 133 23 1
184 133 23 1
185 133 23 1
186 281 13 1
186 133 23 1
187 281 13 1
187 133 23 1
188 281 13 1
188 133 23 1
88 289 8 1
189 281 13 1
189 133 23 1
190 281 13 1
190 133 23 1
418 226 18 0
191 133 23 1
419 226 18 0
192 133 23 1
420 226 18 0
193 133 23 1
421 226 18 0
194 133 23 1
422 226 18 0
195 133 23 1
196 133 23 1
145 63 21 0
223 242 20 0
197 133 23 1
146 63 21 0
224 242 20 0
198 133 23 1
147 63 21 0
225 242 20 0
199 133 23 1
148 63 21 0
226 242 20 0
200 133 23 1
149 63 21 0
227 242 20 0
201 133 23 1
150 63 21 0
228 242 20 0
202 133 23 1
151 63 21 0
203 133 23 1
204 133 23 1
306 273 19 0
205 133 23 1
307 273 19 0
206 133 23 1
308 273 19 0
207 133 23 1
309 273 19 0
208 133 23 1
310 273 19 0
209 133 23 1
311 273 19 0
210 133 23 1
312 273 19 0
211 133 23 1
212 133 23 1
213 133 23 1
214 133 23 1
38 258 6 1
215 133 23 1
39 258 6 1
216 133 23 1
40 258 6 1
217 133 23 1
218 281 20 0
41 258 6 1
218 133 23 1
219 281 20 0
42 258 6 1
143 250 22 0
219 133 23 1
220 281 20 0
43 258 6 1
144 250 22 0
220 133 23 1
221 281 20 0
44 258 6 1
145 250 22 0
221 133 23 1
222 281 20 0
146 250 22 0
222 133 23 1
223 281 20 0
147 250 22 0
223 133 23 1
224 281 20 0
148 250 22 0
149 250 22 0
309 312 19 0
310 312 19 0
311 312 19 0
312 312 19 0
136 289 22 0
313 312 19 0
137 289 22 0
138 289 22 0
139 289 22 0
140 289 22 0
141 289 22 0
142 289 22 0
416 195 18 0
417 195 18 0
418 195 18 0
419 195 18 0
420 195 18 0
421 195 18 0
422 195 18 0
272 281 16 1
398 86 9 1
273 281 16 1
274 281 16 1
275 281 16 1
349 16 4 1
276 281 16 1
356 16 4 1
141 71 21 0
67 188 2 0
142 71 21 0
143 71 21 0
144 71 21 0
221 250 20 0
145 71 21 0
222 250 20 0
146 71 21 0
223 250 20 0
147 71 21 0
224 250 20 0
148 71 21 0
225 250 20 0
226 250 20 0
227 250 20 0
306 281 19 0
307 281 19 0
308 281 19 0
309 281 19 0
310 281 19 0
311 281 19 0
312 281 19 0
217 289 20 0
218 289 20 0
219 289 20 0
143 258 22 0
220 289 20 0
144 258 22 0
221 289 20 0
145 258 22 0
222 289 20 0
146 258 22 0
223 289 20 0
147 258 22 0
148 258 22 0
149 258 22 0
177 219 14 1
178 219 14 1
179 219 14 1
180 219 14 1
181 219 14 1
182 219 14 1
183 219 14 1
415 164 18 0
416 164 18 0
417 164 18 0
418 164 18 0
419 164 18 0
420 164 18 0
421 164 18 0
417 203 18 0
418 203 18 0
419 203 18 0
420 203 18 0
421 203 18 0
422 203 18 0
423 203 18 0
349 24 10 1
306 250 19 0
307 250 19 0
308 250 19 0
309 250 19 0
310 250 19 0
311 250 19 0
159 40 21 0
312 250 19 0
160 40 21 0
161 40 21 0
162 40 21 0
63 196 2 0
163 40 21 0
64 196 2 0
65 196 2 0
66 196 2 0
67 196 2 0
68 196 2 0
220 258 20 0
69 196 2 0
221 258 20 0
222 258 20 0
223 258 20 0
148 227 22 0
224 258 20 0
149 227 22 0
225 258 20 0
150 227 22 0
226 258 20 0
151 227 22 0
152 227 22 0
153 227 22 0
306 289 19 0
307 289 19 0
308 289 19 0
309 289 19 0
310 289 19 0
311 289 19 0
312 289 19 0
215 297 20 0
216 297 20 0
141 266 22 0
217 297 20 0
142 266 22 0
369 211 17 1
218 297 20 0
143 266 22 0
219 297 20 0
144 266 22 0
220 297 20 0
145 266 22 0
221 297 20 0
146 266 22 0
147 266 22 0
415 172 18 0
416 172 18 0
417 172 18 0
418 172 18 0
419 172 18 0
420 172 18 0
421 172 18 0
417 211 18 0
418 211 18 0
419 211 18 0
420 211 18 0
421 211 18 0
422 211 18 0
423 211 18 0
306 258 19 0
154 48 21 0
307 258 19 0
155 48 21 0
308 258 19 0
156 48 21 0
309 258 19 0
157 48 21 0
310 258 19 0
158 48 21 0
311 258 19 0
159 48 21 0
312 258 19 0
160 48 21 0
161 48 21 0
219 266 20 0
220 266 20 0
145 235 22 0
221 266 20 0
146 235 22 0
222 266 20 0
147 235 22 0
223 266 20 0
148 235 22 0
224 266 20 0
149 235 22 0
225 266 20 0
150 235 22 0
151 235 22 0
307 297 19 0
308 297 19 0
309 297 19 0
310 297 19 0
311 297 19 0
312 297 19 0
313 297 19 0
214 305 20 0
139 274 22 0
215 305 20 0
140 274 22 0
216 305 20 0
241 118 23 1
141 274 22 0
217 305 20 0
242 118 23 1
142 274 22 0
218 305 20 0
243 118 23 1
143 274 22 0
219 305 20 0
244 118 23 1
144 274 22 0
220 305 20 0
245 118 23 1
145 274 22 0
246 118 23 1
247 118 23 1
248 118 23 1
249 118 23 1
250 118 23 1
251 118 23 1
252 118 23 1
253 118 23 1
254 118 23 1
255 118 23 1
256 118 23 1
257 118 23 1
258 118 23 1
259 118 23 1
415 180 18 0
416 180 18 0
417 180 18 0
418 180 18 0
343 297 15 1
419 180 18 0
344 297 15 1
420 180 18 0
244 305 12 1
345 297 15 1
421 180 18 0
245 305 12 1
346 297 15 1
246 305 12 1
347 297 15 1
247 305 12 1
348 297 15 1
248 305 12 1
349 297 15 1
350 297 15 1
351 297 15 1
264 305 11 1
265 305 11 1
417 219 18 0
266 305 11 1
418 219 18 0
267 305 11 1
419 219 18 0
268 305 11 1
420 219 18 0
421 219 18 0
422 219 18 0
423 219 18 0
149 56 21 0
150 56 21 0
151 56 21 0
152 56 21 0
153 56 21 0
306 266 19 0
154 56 21 0
307 266 19 0
155 56 21 0
308 266 19 0
309 266 19 0
310 266 19 0
311 266 19 0
312 266 19 0
218 274 20 0
219 274 20 0
220 274 20 0
221 274 20 0
145 243 22 0
222 274 20 0
146 243 22 0
223 274 20 0
147 243 22 0
224 274 20 0
148 243 22 0
224 126 23 1
149 243 22 0
225 126 23 1
150 243 22 0
226 126 23 1
151 243 22 0
227 126 23 1
228 126 23 1
229 126 23 1
230 126 23 1
231 126 23 1
308 305 19 0
232 126 23 1
309 305 19 0
233 126 23 1
310 305 19 0
234 126 23 1
311 305 19 0
235 126 23 1
312 305 19 0
236 126 23 1
313 305 19 0
237 126 23 1
314 305 19 0
136 134 23 1
238 126 23 1
138 282 22 0
137 134 23 1
239 126 23 1
139 282 22 0
138 134 23 1
140 282 22 0
139 134 23 1
141 282 22 0
140 134 23 1
142 282 22 0
141 134 23 1
143 282 22 0
142 134 23 1
144 282 22 0
143 134 23 1
144 134 23 1
145 134 23 1
146 134 23 1
147 134 23 1
148 134 23 1
149 134 23 1
150 134 23 1
151 134 23 1
152 134 23 1
53 290 7 1
153 134 23 1
54 290 7 1
154 134 23 1
55 290 7 1
155 134 23 1
56 290 7 1
156 134 23 1
57 290 7 1
157 134 23 1
158 134 23 1
159 134 23 1
160 134 23 1
161 134 23 1
415 188 18 0
162 134 23 1
416 188 18 0
163 134 23 1
417 188 18 0
164 134 23 1
418 188 18 0
165 134 23 1
419 188 18 0
166 134 23 1
420 188 18 0
167 134 23 1
421 188 18 0
168 134 23 1
395 79 9 1
169 134 23 1
396 79 9 1
170 134 23 1
397 79 9 1
171 134 23 1
398 79 9 1
172 134 23 1
399 79 9 1
173 134 23 1
400 79 9 1
174 134 23 1
401 79 9 1
175 134 23 1
176 134 23 1
177 134 23 1
178 134 23 1
179 134 23 1
180 134 23 1
181 134 23 1
182 134 23 1
183 134 23 1
184 134 23 1
186 282 13 1
185 134 23 1
187 282 13 1
186 134 23 1
86 290 8 1
188 282 13 1
187 134 23 1
87 290 8 1
189 282 13 1
188 134 23 1
88 290 8 1
190 282 13 1
189 134 23 1
89 290 8 1
418 227 18 0
190 134 23 1
90 290 8 1
419 227 18 0
191 134 23 1
420 227 18 0
192 134 23 1
421 227 18 0
193 134 23 1
422 227 18 0
194 134 23 1
144 64 21 0
195 134 23 1
145 64 21 0
196 134 23 1
146 64 21 0
223 243 20 0
197 134 23 1
147 64 21 0
224 243 20 0
198 134 23 1
148 64 21 0
225 243 20 0
199 134 23 1
149 64 21 0
226 243 20 0
200 134 23 1
150 64 21 0
227 243 20 0
201 134 23 1
151 64 21 0
228 243 20 0
202 134 23 1
203 134 23 1
306 274 19 0
204 134 23 1
307 274 19 0
205 134 23 1
308 274 19 0
206 134 23 1
309 274 19 0
207 134 23 1
310 274 19 0
208 134 23 1
311 274 19 0
209 134 23 1
312 274 19 0
210 134 23 1
211 134 23 1
212 134 23 1
213 134 23 1
214 134 23 1
39 259 6 1
215 134 23 1
40 259 6 1
216 134 23 1
218 282 20 0
41 259 6 1
217 134 23 1
219 282 20 0
42 259 6 1
143 251 22 0
218 134 23 1
220 282 20 0
43 259 6 1
144 251 22 0
219 134 23 1
221 282 20 0
145 251 22 0
220 134 23 1
222 282 20 0
146 251 22 0
223 282 20 0
147 251 22 0
224 282 20 0
148 251 22 0
149 251 22 0
311 313 19 0
136 290 22 0
137 290 22 0
138 290 22 0
139 290 22 0
140 290 22 0
141 290 22 0
142 290 22 0
416 196 18 0
417 196 18 0
418 196 18 0
419 196 18 0
420 196 18 0
421 196 18 0
422 196 18 0
272 282 16 1
273 282 16 1
274 282 16 1
275 282 16 1
349 17 4 1
276 282 16 1
354 17 4 1
355 17 4 1
309 243 19 0
65 189 2 0
66 189 2 0
141 72 21 0
67 189 2 0
142 72 21 0
68 189 2 0
143 72 21 0
69 189 2 0
144 72 21 0
221 251 20 0
145 72 21 0
222 251 20 0
146 72 21 0
223 251 20 0
147 72 21 0
224 251 20 0
225 251 20 0
226 251 20 0
227 251 20 0
306 282 19 0
307 282 19 0
308 282 19 0
309 282 19 0
310 282 19 0
311 282 19 0
312 282 19 0
217 290 20 0
142 259 22 0
218 290 20 0
143 259 22 0
219 290 20 0
144 259 22 0
220 290 20 0
145 259 22 0
221 290 20 0
146 259 22 0
222 290 20 0
147 259 22 0
223 290 20 0
148 259 22 0
178 220 14 1
179 220 14 1
180 220 14 1
181 220 14 1
182 220 14 1
415 165 18 0
416 165 18 0
417 165 18 0
418 165 18 0
419 165 18 0
420 165 18 0
421 165 18 0
417 204 18 0
418 204 18 0
419 204 18 0
420 204 18 0
421 204 18 0
422 204 18 0
423 204 18 0
306 251 19 0
307 251 19 0
308 251 19 0
309 251 19 0
310 251 19 0
311 251 19 0
159 41 21 0
312 251 19 0
160 41 21 0
161 41 21 0
162 41 21 0
63 197 2 0
163 41 21 0
64 197 2 0
65 197 2 0
66 197 2 0
67 197 2 0
68 197 2 0
220 259 20 0
69 197 2 0
221 259 20 0
222 259 20 0
147 228 22 0
223 259 20 0
148 228 22 0
224 259 20 0
149 228 22 0
225 259 20 0
150 228 22 0
226 259 20 0
151 228 22 0
152 228 22 0
153 228 22 0
154 228 22 0
306 290 19 0
307 290 19 0
308 290 19 0
309 290 19 0
310 290 19 0
311 290 19 0
312 290 19 0
215 298 20 0
216 298 20 0
141 267 22 0
217 298 20 0
142 267 22 0
218 298 20 0
143 267 22 0
219 298 20 0
144 267 22 0
220 298 20 0
145 267 22 0
221 298 20 0
146 267 22 0
147 267 22 0
257 111 23 1
415 173 18 0
416 173 18 0
417 173 18 0
418 173 18 0
419 173 18 0
420 173 18 0
421 173 18 0
417 212 18 0
418 212 18 0
419 212 18 0
420 212 18 0
421 212 18 0
422 212 18 0
423 212 18 0
153 49 21 0
306 259 19 0
154 49 21 0
307 259 19 0
155 49 21 0
308 259 19 0
156 49 21 0
309 259 19 0
157 49 21 0
310 259 19 0
158 49 21 0
311 259 19 0
159 49 21 0
312 259 19 0
160 49 21 0
219 267 20 0
220 267 20 0
221 267 20 0
145 236 22 0
222 267 20 0
146 236 22 0
223 267 20 0
147 236 22 0
224 267 20 0
148 236 22 0
225 267 20 0
149 236 22 0
150 236 22 0
151 236 22 0
307 298 19 0
308 298 19 0
309 298 19 0
310 298 19 0
311 298 19 0
312 298 19 0
313 298 19 0
239 119 23 1
139 275 22 0
215 306 20 0
240 119 23 1
140 275 22 0
216 306 20 0
241 119 23 1
141 275 22 0
217 306 20 0
242 119 23 1
142 275 22 0
218 306 20 0
243 119 23 1
143 275 22 0
219 306 20 0
244 119 23 1
144 275 22 0
245 119 23 1
145 275 22 0
246 119 23 1
247 119 23 1
248 119 23 1
249 119 23 1
250 119 23 1
251 119 23 1
252 119 23 1
253 119 23 1
254 119 23 1
255 119 23 1
256 119 23 1
257 119 23 1
415 181 18 0
341 298 15 1
416 181 18 0
342 298 15 1
417 181 18 0
343 298 15 1
418 181 18 0
243 306 12 1
344 298 15 1
419 181 18 0
244 306 12 1
345 298 15 1
420 181 18 0
245 306 12 1
346 298 15 1
421 181 18 0
246 306 12 1
347 298 15 1
247 306 12 1
348 298 15 1
248 306 12 1
349 298 15 1
249 306 12 1
350 298 15 1
351 298 15 1
352 298 15 1
417 220 18 0
266 306 11 1
418 220 18 0
419 220 18 0
420 220 18 0
421 220 18 0
422 220 18 0
423 220 18 0
149 57 21 0
150 57 21 0
151 57 21 0
152 57 21 0
153 57 21 0
306 267 19 0
154 57 21 0
307 267 19 0
155 57 21 0
308 267 19 0
309 267 19 0
310 267 19 0
311 267 19 0
312 267 19 0
218 275 20 0
219 275 20 0
220 275 20 0
144 244 22 0
221 275 20 0
145 244 22 0
222 275 20 0
146 244 22 0
221 127 23 1
223 275 20 0
147 244 22 0
222 127 23 1
224 275 20 0
148 244 22 0
223 127 23 1
149 244 22 0
224 127 23 1
150 244 22 0
225 127 23 1
226 127 23 1
227 127 23 1
228 127 23 1
229 127 23 1
230 127 23 1
308 306 19 0
231 127 23 1
309 306 19 0
232 127 23 1
310 306 19 0
233 127 23 1
311 306 19 0
234 127 23 1
312 306 19 0
235 127 23 1
313 306 19 0
236 127 23 1
314 306 19 0
237 127 23 1
137 135 23 1
238 127 23 1
138 283 22 0
138 135 23 1
139 283 22 0
139 135 23 1
140 283 22 0
140 135 23 1
141 283 22 0
141 135 23 1
142 283 22 0
142 135 23 1
143 283 22 0
143 135 23 1
144 283 22 0
144 135 23 1
145 135 23 1
146 135 23 1
147 135 23 1
148 135 23 1
149 135 23 1
150 135 23 1
151 135 23 1
152 135 23 1
153 135 23 1
154 135 23 1
155 135 23 1
55 291 7 1
156 135 23 1
157 135 23 1
158 135 23 1
159 135 23 1
160 135 23 1
161 135 23 1
415 189 18 0
162 135 23 1
416 189 18 0
163 135 23 1
417 189 18 0
164 135 23 1
418 189 18 0
165 135 23 1
419 189 18 0
166 135 23 1
420 189 18 0
167 135 23 1
421 189 18 0
168 135 23 1
395 80 9 1
169 135 23 1
396 80 9 1
170 135 23 1
397 80 9 1
171 135 23 1
398 80 9 1
172 135 23 1
399 80 9 1
173 135 23 1
400 80 9 1
174 135 23 1
401 80 9 1
175 135 23 1
176 135 23 1
177 135 23 1
178 135 23 1
179 135 23 1
180 135 23 1
181 135 23 1
182 135 23 1
183 135 23 1
184 135 23 1
185 135 23 1
186 135 23 1
86 291 8 1
187 135 23 1
87 291 8 1
188 283 13 1
188 135 23 1
88 291 8 1
189 135 23 1
89 291 8 1
190 135 23 1
90 291 8 1
191 135 23 1
192 135 23 1
420 228 18 0
193 135 23 1
194 135 23 1
195 135 23 1
144 65 21 0
222 244 20 0
196 135 23 1
145 65 21 0
223 244 20 0
197 135 23 1
146 65 21 0
224 244 20 0
198 135 23 1
147 65 21 0
225 244 20 0
199 135 23 1
148 65 21 0
226 244 20 0
200 135 23 1
149 65 21 0
227 244 20 0
201 135 23 1
150 65 21 0
228 244 20 0
202 135 23 1
229 244 20 0
203 135 23 1
306 275 19 0
204 135 23 1
307 275 19 0
205 135 23 1
308 275 19 0
206 135 23 1
309 275 19 0
207 135 23 1
310 275 19 0
208 135 23 1
311 275 19 0
209 135 23 1
312 275 19 0
210 135 23 1
211 135 23 1
212 135 23 1
213 135 23 1
214 135 23 1
39 260 6 1
215 135 23 1
40 260 6 1
216 135 23 1
41 260 6 1
218 283 20 0
42 260 6 1
143 252 22 0
219 283 20 0
43 260 6 1
144 252 22 0
220 283 20 0
145 252 22 0
221 283 20 0
146 252 22 0
222 283 20 0
147 252 22 0
223 283 20 0
148 252 22 0
224 283 20 0
149 252 22 0
136 291 22 0
137 291 22 0
138 291 22 0
139 291 22 0
140 291 22 0
141 291 22 0
142 291 22 0
416 197 18 0
417 197 18 0
418 197 18 0
419 197 18 0
420 197 18 0
421 197 18 0
422 197 18 0
274 283 16 1
349 18 4 1
353 18 4 1
307 244 19 0
308 244 19 0
309 244 19 0
310 244 19 0
311 244 19 0
65 190 2 0
66 190 2 0
67 190 2 0
142 73 21 0
68 190 2 0
143 73 21 0
69 190 2 0
221 252 20 0
144 73 21 0
222 252 20 0
145 73 21 0
223 252 20 0
146 73 21 0
224 252 20 0
225 252 20 0
226 252 20 0
227 252 20 0
306 283 19 0
307 283 19 0
308 283 19 0
309 283 19 0
310 283 19 0
311 283 19 0
312 283 19 0
217 291 20 0
142 260 22 0
369 205 17 1
218 291 20 0
143 260 22 0
219 291 20 0
144 260 22 0
220 291 20 0
145 260 22 0
221 291 20 0
146 260 22 0
222 291 20 0
147 260 22 0
223 291 20 0
148 260 22 0
178 221 14 1
179 221 14 1
180 221 14 1
181 221 14 1
182 221 14 1
415 166 18 0
416 166 18 0
417 166 18 0
418 166 18 0
419 166 18 0
420 166 18 0
421 166 18 0
417 205 18 0
418 205 18 0
419 205 18 0
420 205 18 0
421 205 18 0
422 205 18 0
423 205 18 0
306 252 19 0
307 252 19 0
308 252 19 0
309 252 19 0
310 252 19 0
158 42 21 0
311 252 19 0
159 42 21 0
312 252 19 0
160 42 21 0
161 42 21 0
162 42 21 0
63 198 2 0
163 42 21 0
64 198 2 0
164 42 21 0
65 198 2 0
66 198 2 0
67 198 2 0
219 260 20 0
68 198 2 0
220 260 20 0
69 198 2 0
221 260 20 0
222 260 20 0
223 260 20 0
147 229 22 0
224 260 20 0
148 229 22 0
225 260 20 0
149 229 22 0
150 229 22 0
151 229 22 0
152 229 22 0
153 229 22 0
307 291 19 0
308 291 19 0
309 291 19 0
310 291 19 0
311 291 19 0
312 291 19 0
313 291 19 0
215 299 20 0
216 299 20 0
141 268 22 0
217 299 20 0
142 268 22 0
218 299 20 0
143 268 22 0
219 299 20 0
144 268 22 0
220 299 20 0
145 268 22 0
221 299 20 0
146 268 22 0
147 268 22 0
255 112 23 1
256 112 23 1
257 112 23 1
258 112 23 1
259 112 23 1
415 174 18 0
416 174 18 0
417 174 18 0
418 174 18 0
419 174 18 0
420 174 18 0
421 174 18 0
417 213 18 0
418 213 18 0
419 213 18 0
420 213 18 0
421 213 18 0
422 213 18 0
423 213 18 0
152 50 21 0
153 50 21 0
306 260 19 0
154 50 21 0
307 260 19 0
155 50 21 0
308 260 19 0
156 50 21 0
309 260 19 0
157 50 21 0
310 260 19 0
158 50 21 0
311 260 19 0
159 50 21 0
312 260 19 0
160 50 21 0
218 268 20 0
219 268 20 0
220 268 20 0
145 237 22 0
221 268 20 0
146 237 22 0
222 268 20 0
147 237 22 0
223 268 20 0
148 237 22 0
224 268 20 0
149 237 22 0
150 237 22 0
151 237 22 0
307 299 19 0
308 299 19 0
309 299 19 0
310 299 19 0
311 299 19 0
312 299 19 0
313 299 19 0
238 120 23 1
215 307 20 0
239 120 23 1
139 276 22 0
216 307 20 0
240 120 23 1
140 276 22 0
217 307 20 0
241 120 23 1
141 276 22 0
218 307 20 0
242 120 23 1
142 276 22 0
219 307 20 0
243 120 23 1
143 276 22 0
244 120 23 1
144 276 22 0
245 120 23 1
145 276 22 0
246 120 23 1
247 120 23 1
248 120 23 1
249 120 23 1
250 120 23 1
251 120 23 1
252 120 23 1
253 120 23 1
415 182 18 0
341 299 15 1
416 182 18 0
342 299 15 1
417 182 18 0
343 299 15 1
418 182 18 0
344 299 15 1
419 182 18 0
244 307 12 1
345 299 15 1
420 182 18 0
245 307 12 1
346 299 15 1
421 182 18 0
246 307 12 1
347 299 15 1
247 307 12 1
348 299 15 1
248 307 12 1
349 299 15 1
350 299 15 1
399 73 9 1
351 299 15 1
417 221 18 0
418 221 18 0
419 221 18 0
420 221 18 0
421 221 18 0
422 221 18 0
423 221 18 0
148 58 21 0
149 58 21 0
150 58 21 0
151 58 21 0
152 58 21 0
153 58 21 0
306 268 19 0
154 58 21 0
307 268 19 0
308 268 19 0
309 268 19 0
310 268 19 0
311 268 19 0
312 268 19 0
216 128 23 1
217 128 23 1
218 276 20 0
218 128 23 1
219 276 20 0
144 245 22 0
219 128 23 1
220 276 20 0
145 245 22 0
220 128 23 1
221 276 20 0
146 245 22 0
221 128 23 1
222 276 20 0
147 245 22 0
222 128 23 1
223 276 20 0
148 245 22 0
223 128 23 1
224 276 20 0
149 245 22 0
224 128 23 1
150 245 22 0
225 128 23 1
226 128 23 1
227 128 23 1
228 128 23 1
229 128 23 1
230 128 23 1
308 307 19 0
231 128 23 1
309 307 19 0
232 128 23 1
310 307 19 0
233 128 23 1
311 307 19 0
234 128 23 1
312 307 19 0
235 128 23 1
313 307 19 0
236 128 23 1
314 307 19 0
137 284 22 0
137 136 23 1
138 284 22 0
138 136 23 1
139 284 22 0
139 136 23 1
140 284 22 0
140 136 23 1
141 284 22 0
141 136 23 1
142 284 22 0
142 136 23 1
143 284 22 0
143 136 23 1
144 136 23 1
145 136 23 1
146 136 23 1
147 136 23 1
148 136 23 1
149 136 23 1
150 136 23 1
151 136 23 1
152 136 23 1
153 136 23 1
154 136 23 1
155 136 23 1
156 136 23 1
157 136 23 1
158 136 23 1
159 136 23 1
160 136 23 1
161 136 23 1
162 136 23 1
415 190 18 0
163 136 23 1
416 190 18 0
164 136 23 1
417 190 18 0
165 136 23 1
418 190 18 0
166 136 23 1
419 190 18 0
167 136 23 1
420 190 18 0
168 136 23 1
421 190 18 0
395 81 9 1
169 136 23 1
396 81 9 1
170 136 23 1
397 81 9 1
171 136 23 1
398 81 9 1
172 136 23 1
399 81 9 1
173 136 23 1
400 81 9 1
349 11 4 1
174 136 23 1
401 81 9 1
175 136 23 1
176 136 23 1
177 136 23 1
178 136 23 1
179 136 23 1
180 136 23 1
356 11 4 1
181 136 23 1
182 136 23 1
183 136 23 1
184 136 23 1
185 136 23 1
85 292 8 1
186 136 23 1
86 292 8 1
187 136 23 1
87 292 8 1
188 136 23 1
88 292 8 1
189 136 23 1
89 292 8 1
190 136 23 1
90 292 8 1
191 136 23 1
91 292 8 1
192 136 23 1
193 136 23 1
194 136 23 1
195 136 23 1
144 66 21 0
196 136 23 1
145 66 21 0
222 245 20 0
197 136 23 1
146 66 21 0
223 245 20 0
198 136 23 1
147 66 21 0
224 245 20 0
199 136 23 1
148 66 21 0
225 245 20 0
200 136 23 1
149 66 21 0
226 245 20 0
201 136 23 1
150 66 21 0
227 245 20 0
202 136 23 1
228 245 20 0
203 136 23 1
204 136 23 1
306 276 19 0
205 136 23 1
307 276 19 0
206 136 23 1
308 276 19 0
207 136 23 1
309 276 19 0
208 136 23 1
310 276 19 0
209 136 23 1
311 276 19 0
210 136 23 1
312 276 19 0
211 136 23 1
212 136 23 1
41 261 6 1
218 284 20 0
143 253 22 0
219 284 20 0
144 253 22 0
220 284 20 0
145 253 22 0
221 284 20 0
146 253 22 0
222 284 20 0
147 253 22 0
223 284 20 0
148 253 22 0
224 284 20 0
149 253 22 0
137 292 22 0
138 292 22 0
139 292 22 0
140 292 22 0
141 292 22 0
416 198 18 0
417 198 18 0
418 198 18 0
419 198 18 0
420 198 18 0
421 198 18 0
422 198 18 0
347 19 10 1
348 19 10 1
349 19 4 1
350 19 10 1
351 19 10 1
353 19 4 1
307 245 19 0
308 245 19 0
309 245 19 0
310 245 19 0
311 245 19 0
64 191 2 0
65 191 2 0
66 191 2 0
67 191 2 0
142 74 21 0
68 191 2 0
143 74 21 0
220 253 20 0
69 191 2 0
144 74 21 0
221 253 20 0
70 191 2 0
145 74 21 0
222 253 20 0
146 74 21 0
223 253 20 0
224 253 20 0
225 253 20 0
226 253 20 0
306 284 19 0
307 284 19 0
308 284 19 0
309 284 19 0
310 284 19 0
311 284 19 0
312 284 19 0
367 206 17 1
217 292 20 0
368 206 17 1
142 261 22 0
218 292 20 0
369 206 17 1
143 261 22 0
219 292 20 0
370 206 17 1
144 261 22 0
220 292 20 0
371 206 17 1
145 261 22 0
221 292 20 0
146 261 22 0
222 292 20 0
147 261 22 0
223 292 20 0
148 261 22 0
180 222 14 1
415 167 18 0
416 167 18 0
417 167 18 0
418 167 18 0
419 167 18 0
420 167 18 0
421 167 18 0
417 206 18 0
418 206 18 0
419 206 18 0
420 206 18 0
421 206 18 0
422 206 18 0
423 206 18 0
306 253 19 0
307 253 19 0
308 253 19 0
309 253 19 0
310 253 19 0
158 43 21 0
311 253 19 0
159 43 21 0
312 253 19 0
160 43 21 0
161 43 21 0
162 43 21 0
163 43 21 0
64 199 2 0
164 43 21 0
65 199 2 0
66 199 2 0
67 199 2 0
219 261 20 0
68 199 2 0
220 261 20 0
221 261 20 0
222 261 20 0
147 230 22 0
223 261 20 0
148 230 22 0
224 261 20 0
149 230 22 0
225 261 20 0
150 230 22 0
151 230 22 0
152 230 22 0
153 230 22 0
307 292 19 0
308 292 19 0
309 292 19 0
310 292 19 0
311 292 19 0
312 292 19 0
313 292 19 0
215 300 20 0
216 300 20 0
141 269 22 0
217 300 20 0
142 269 22 0
218 300 20 0
143 269 22 0
219 300 20 0
144 269 22 0
220 300 20 0
145 269 22 0
221 300 20 0
146 269 22 0
147 269 22 0
254 113 23 1
255 113 23 1
256 113 23 1
257 113 23 1
258 113 23 1
259 113 23 1
260 113 23 1
415 175 18 0
416 175 18 0
417 175 18 0
418 175 18 0
419 175 18 0
420 175 18 0
421 175 18 0
266 300 11 1
417 214 18 0
418 214 18 0
419 214 18 0
420 214 18 0
421 214 18 0
422 214 18 0
423 214 18 0
152 51 21 0
153 51 21 0
306 261 19 0
154 51 21 0
307 261 19 0
155 51 21 0
308 261 19 0
156 51 21 0
309 261 19 0
157 51 21 0
310 261 19 0
158 51 21 0
311 261 19 0
159 51 21 0
312 261 19 0
218 269 20 0
219 269 20 0
220 269 20 0
145 238 22 0
221 269 20 0
146 238 22 0
222 269 20 0
147 238 22 0
223 269 20 0
148 238 22 0
224 269 20 0
149 238 22 0
150 238 22 0
151 238 22 0
307 300 19 0
308 300 19 0
309 300 19 0
310 300 19 0
311 300 19 0
312 300 19 0
236 121 23 1
313 300 19 0
237 121 23 1
238 121 23 1
239 121 23 1
139 277 22 0
240 121 23 1
140 277 22 0
241 121 23 1
141 277 22 0
217 308 20 0
242 121 23 1
142 277 22 0
243 121 23 1
143 277 22 0
244 121 23 1
144 277 22 0
245 121 23 1
145 277 22 0
246 121 23 1
247 121 23 1
248 121 23 1
249 121 23 1
250 121 23 1
55 285 7 1
340 300 15 1
415 183 18 0
341 300 15 1
416 183 18 0
342 300 15 1
417 183 18 0
343 300 15 1
418 183 18 0
344 300 15 1
419 183 18 0
345 300 15 1
420 183 18 0
244 308 12 1
346 300 15 1
421 183 18 0
245 308 12 1
347 300 15 1
246 308 12 1
348 300 15 1
397 74 9 1
247 308 12 1
349 300 15 1
398 74 9 1
248 308 12 1
350 300 15 1
399 74 9 1
351 300 15 1
400 74 9 1
401 74 9 1
188 277 13 1
417 222 18 0
418 222 18 0
419 222 18 0
420 222 18 0
421 222 18 0
422 222 18 0
423 222 18 0
147 59 21 0
148 59 21 0
149 59 21 0
150 59 21 0
151 59 21 0
152 59 21 0
153 59 21 0
306 269 19 0
154 59 21 0
307 269 19 0
308 269 19 0
309 269 19 0
310 269 19 0
311 269 19 0
312 269 19 0
213 129 23 1
214 129 23 1
215 129 23 1
216 129 23 1
217 129 23 1
218 277 20 0
218 129 23 1
219 277 20 0
219 129 23 1
144 246 22 0
220 277 20 0
220 129 23 1
145 246 22 0
221 277 20 0
221 129 23 1
146 246 22 0
222 277 20 0
222 129 23 1
147 246 22 0
223 277 20 0
223 129 23 1
148 246 22 0
224 277 20 0
224 129 23 1
149 246 22 0
225 129 23 1
150 246 22 0
226 129 23 1
227 129 23 1
228 129 23 1
229 129 23 1
230 129 23 1
231 129 23 1
308 308 19 0
232 129 23 1
309 308 19 0
233 129 23 1
310 308 19 0
234 129 23 1
311 308 19 0
312 308 19 0
313 308 19 0
137 285 22 0
314 308 19 0
138 285 22 0
139 285 22 0
139 137 23 1
140 285 22 0
140 137 23 1
141 285 22 0
141 137 23 1
142 285 22 0
142 137 23 1
143 285 22 0
143 137 23 1
144 137 23 1
145 137 23 1
146 137 23 1
147 137 23 1
148 137 23 1
149 137 23 1
150 137 23 1
151 137 23 1
152 137 23 1
153 137 23 1
154 137 23 1
155 137 23 1
156 137 23 1
157 137 23 1
158 137 23 1
159 137 23 1
160 137 23 1
161 137 23 1
162 137 23 1
163 137 23 1
416 191 18 0
164 137 23 1
417 191 18 0
165 137 23 1
418 191 18 0
166 137 23 1
419 191 18 0
167 137 23 1
420 191 18 0
168 137 23 1
421 191 18 0
395 82 9 1
169 137 23 1
422 191 18 0
396 82 9 1
170 137 23 1
397 82 9 1
171 137 23 1
398 82 9 1
172 137 23 1
399 82 9 1
274 277 16 1
173 137 23 1
400 82 9 1
349 12 4 1
174 137 23 1
401 82 9 1
175 137 23 1
176 137 23 1
177 137 23 1
178 137 23 1
179 137 23 1
180 137 23 1
356 12 4 1
181 137 23 1
182 137 23 1
183 137 23 1
184 137 23 1
185 137 23 1
186 137 23 1
86 293 8 1
187 137 23 1
87 293 8 1
188 137 23 1
88 293 8 1
189 137 23 1
89 293 8 1
190 137 23 1
90 293 8 1
191 137 23 1
192 137 23 1
193 137 23 1
194 137 23 1
195 137 23 1
144 67 21 0
196 137 23 1
145 67 21 0
222 246 20 0
197 137 23 1
146 67 21 0
223 246 20 0
198 137 23 1
147 67 21 0
224 246 20 0
199 137 23 1
148 67 21 0
225 246 20 0
200 137 23 1
149 67 21 0
226 246 20 0
201 137 23 1
150 67 21 0
227 246 20 0
228 246 20 0
306 277 19 0
307 277 19 0
308 277 19 0
309 277 19 0
310 277 19 0
311 277 19 0
312 277 19 0
218 285 20 0
143 254 22 0
219 285 20 0
144 254 22 0
220 285 20 0
145 254 22 0
221 285 20 0
146 254 22 0
222 285 20 0
147 254 22 0
223 285 20 0
148 254 22 0
224 285 20 0
149 254 22 0
137 293 22 0
138 293 22 0
139 293 22 0
140 293 22 0
141 293 22 0
419 160 18 0
416 199 18 0
417 199 18 0
418 199 18 0
419 199 18 0
420 199 18 0
421 199 18 0
422 199 18 0
347 20 10 1
348 20 10 1
349 20 4 1
350 20 10 1
351 20 10 1
353 20 4 1
306 246 19 0
307 246 19 0
308 246 19 0
309 246 19 0
310 246 19 0
311 246 19 0
312 246 19 0
64 192 2 0
65 192 2 0
66 192 2 0
67 192 2 0
68 192 2 0
220 254 20 0
69 192 2 0
144 75 21 0
221 254 20 0
70 192 2 0
222 254 20 0
223 254 20 0
224 254 20 0
225 254 20 0
226 254 20 0
306 285 19 0
307 285 19 0
308 285 19 0
309 285 19 0
310 285 19 0
311 285 19 0
312 285 19 0
367 207 17 1
141 262 22 0
217 293 20 0
368 207 17 1
142 262 22 0
218 293 20 0
369 207 17 1
143 262 22 0
219 293 20 0
370 207 17 1
144 262 22 0
220 293 20 0
371 207 17 1
145 262 22 0
221 293 20 0
146 262 22 0
222 293 20 0
147 262 22 0
223 293 20 0
415 168 18 0
416 168 18 0
417 168 18 0
418 168 18 0
419 168 18 0
420 168 18 0
421 168 18 0
417 207 18 0
418 207 18 0
419 207 18 0
420 207 18 0
421 207 18 0
422 207 18 0
423 207 18 0
306 254 19 0
307 254 19 0
308 254 19 0
309 254 19 0
157 44 21 0
310 254 19 0
158 44 21 0
311 254 19 0
159 44 21 0
312 254 19 0
160 44 21 0
161 44 21 0
162 44 21 0
163 44 21 0
64 200 2 0
164 44 21 0
65 200 2 0
66 200 2 0
67 200 2 0
219 262 20 0
68 200 2 0
220 262 20 0
221 262 20 0
146 231 22 0
222 262 20 0
147 231 22 0
223 262 20 0
148 231 22 0
224 262 20 0
149 231 22 0
225 262 20 0
150 231 22 0
151 231 22 0
152 231 22 0
307 293 19 0
308 293 19 0
309 293 19 0
310 293 19 0
311 293 19 0
312 293 19 0
313 293 19 0
214 301 20 0
215 301 20 0
140 270 22 0
216 301 20 0
141 270 22 0
217 301 20 0
142 270 22 0
218 301 20 0
143 270 22 0
219 301 20 0
144 270 22 0
220 301 20 0
145 270 22 0
146 270 22 0
251 114 23 1
252 114 23 1
253 114 23 1
254 114 23 1
255 114 23 1
256 114 23 1
257 114 23 1
258 114 23 1
259 114 23 1
260 114 23 1
415 176 18 0
416 176 18 0
417 176 18 0
418 176 18 0
419 176 18 0
420 176 18 0
421 176 18 0
264 301 11 1
265 301 11 1
417 215 18 0
266 301 11 1
418 215 18 0
267 301 11 1
419 215 18 0
268 301 11 1
420 215 18 0
421 215 18 0
422 215 18 0
423 215 18 0
151 52 21 0
152 52 21 0
153 52 21 0
306 262 19 0
154 52 21 0
307 262 19 0
155 52 21 0
308 262 19 0
156 52 21 0
309 262 19 0
157 52 21 0
310 262 19 0
158 52 21 0
311 262 19 0
312 262 19 0
218 270 20 0
219 270 20 0
220 270 20 0
145 239 22 0
221 270 20 0
146 239 22 0
222 270 20 0
147 239 22 0
223 270 20 0
148 239 22 0
224 270 20 0
149 239 22 0
150 239 22 0
151 239 22 0
307 301 19 0
308 301 19 0
309 301 19 0
310 301 19 0
311 301 19 0
235 122 23 1
312 301 19 0
236 122 23 1
313 301 19 0
237 122 23 1
238 122 23 1
239 122 23 1
139 278 22 0
240 122 23 1
140 278 22 0
241 122 23 1
141 278 22 0
242 122 23 1
142 278 22 0
243 122 23 1
143 278 22 0
244 122 23 1
144 278 22 0
245 122 23 1
145 278 22 0
246 122 23 1
247 122 23 1
248 122 23 1
53 286 7 1
54 286 7 1
55 286 7 1
56 286 7 1
57 286 7 1
415 184 18 0
416 184 18 0
341 301 15 1
417 184 18 0
342 301 15 1
418 184 18 0
343 301 15 1
419 184 18 0
344 301 15 1
420 184 18 0
345 301 15 1
421 184 18 0
346 301 15 1
246 309 12 1
347 301 15 1
397 75 9 1
348 301 15 1
398 75 9 1
349 301 15 1
399 75 9 1
350 301 15 1
400 75 9 1
401 75 9 1
186 278 13 1
187 278 13 1
188 278 13 1
189 278 13 1
190 278 13 1
417 223 18 0
418 223 18 0
419 223 18 0
420 223 18 0
421 223 18 0
422 223 18 0
423 223 18 0
147 60 21 0
148 60 21 0
149 60 21 0
150 60 21 0
202 130 23 1
151 60 21 0
203 130 23 1
152 60 21 0
204 130 23 1
153 60 21 0
306 270 19 0
205 130 23 1
307 270 19 0
206 130 23 1
308 270 19 0
207 130 23 1
309 270 19 0
208 130 23 1
310 270 19 0
209 130 23 1
311 270 19 0
210 130 23 1
312 270 19 0
211 130 23 1
212 130 23 1
213 130 23 1
214 130 23 1
215 130 23 1
216 130 23 1
217 130 23 1
218 278 20 0
41 255 6 1
218 130 23 1
219 278 20 0
219 130 23 1
144 247 22 0
220 278 20 0
220 130 23 1
145 247 22 0
221 278 20 0
221 130 23 1
146 247 22 0
222 278 20 0
222 130 23 1
147 247 22 0
223 278 20 0
223 130 23 1
148 247 22 0
224 278 20 0
224 130 23 1
149 247 22 0
225 130 23 1
150 247 22 0
226 130 23 1
227 130 23 1
228 130 23 1
229 130 23 1
230 130 23 1
231 130 23 1
308 309 19 0
232 130 23 1
309 309 19 0
310 309 19 0
311 309 19 0
312 309 19 0
313 309 19 0
137 286 22 0
314 309 19 0
138 286 22 0
139 286 22 0
140 286 22 0
141 286 22 0
142 286 22 0
143 286 22 0
416 192 18 0
417 192 18 0
418 192 18 0
419 192 18 0
420 192 18 0
421 192 18 0
395 83 9 1
422 192 18 0
396 83 9 1
272 278 16 1
397 83 9 1
273 278 16 1
398 83 9 1
274 278 16 1
399 83 9 1
275 278 16 1
400 83 9 1
349 13 4 1
276 278 16 1
401 83 9 1
356 13 4 1
86 294 8 1
87 294 8 1
88 294 8 1
89 294 8 1
90 294 8 1
143 68 21 0
144 68 21 0
145 68 21 0
222 247 20 0
146 68 21 0
223 247 20 0
147 68 21 0
224 247 20 0
148 68 21 0
225 247 20 0
149 68 21 0
226 247 20 0
227 247 20 0
228 247 20 0
306 278 19 0
307 278 19 0
308 278 19 0
309 278 19 0
310 278 19 0
311 278 19 0
312 278 19 0
218 286 20 0
143 255 22 0
219 286 20 0
144 255 22 0
220 286 20 0
145 255 22 0
221 286 20 0
146 255 22 0
222 286 20 0
147 255 22 0
223 286 20 0
148 255 22 0
224 286 20 0
149 255 22 0
180 216 14 1
139 294 22 0
417 161 18 0
418 161 18 0
419 161 18 0
420 161 18 0
421 161 18 0
416 200 18 0
417 200 18 0
418 200 18 0
419 200 18 0
420 200 18 0
421 200 18 0
422 200 18 0
346 21 10 1
347 21 10 1
348 21 10 1
349 21 4 1
350 21 4 1
351 21 10 1
352 21 10 1
353 21 4 1
306 247 19 0
307 247 19 0
308 247 19 0
309 247 19 0
310 247 19 0
311 247 19 0
312 247 19 0
64 193 2 0
65 193 2 0
66 193 2 0
67 193 2 0
68 193 2 0
220 255 20 0
69 193 2 0
221 255 20 0
70 193 2 0
222 255 20 0
223 255 20 0
224 255 20 0
225 255 20 0
226 255 20 0
306 286 19 0
307 286 19 0
308 286 19 0
309 286 19 0
310 286 19 0
311 286 19 0
312 286 19 0
366 208 17 1
216 294 20 0
367 208 17 1
141 263 22 0
217 294 20 0
368 208 17 1
142 263 22 0
218 294 20 0
369 208 17 1
143 263 22 0
219 294 20 0
370 208 17 1
144 263 22 0
371 208 17 1
220 294 20 0
145 263 22 0
221 294 20 0
372 208 17 1
146 263 22 0
222 294 20 0
147 263 22 0
415 169 18 0
416 169 18 0
417 169 18 0
418 169 18 0
419 169 18 0
420 169 18 0
421 169 18 0
417 208 18 0
418 208 18 0
419 208 18 0
420 208 18 0
421 208 18 0
422 208 18 0
423 208 18 0
306 255 19 0
307 255 19 0
308 255 19 0
156 45 21 0
309 255 19 0
157 45 21 0
310 255 19 0
158 45 21 0
311 255 19 0
159 45 21 0
312 255 19 0
160 45 21 0
161 45 21 0
162 45 21 0
163 45 21 0
66 201 2 0
219 263 20 0
220 263 20 0
221 263 20 0
146 232 22 0
222 263 20 0
147 232 22 0
223 263 20 0
148 232 22 0
224 263 20 0
149 232 22 0
225 263 20 0
150 232 22 0
151 232 22 0
152 232 22 0
307 294 19 0
308 294 19 0
309 294 19 0
310 294 19 0
311 294 19 0
312 294 19 0
313 294 19 0
214 302 20 0
215 302 20 0
140 271 22 0
216 302 20 0
141 271 22 0
217 302 20 0
142 271 22 0
218 302 20 0
143 271 22 0
219 302 20 0
144 271 22 0
220 302 20 0
145 271 22 0
146 271 22 0
249 115 23 1
250 115 23 1
251 115 23 1
252 115 23 1
253 115 23 1
254 115 23 1
255 115 23 1
256 115 23 1
257 115 23 1
258 115 23 1
259 115 23 1
260 115 23 1
261 115 23 1
415 177 18 0
416 177 18 0
417 177 18 0
418 177 18 0
419 177 18 0
420 177 18 0
421 177 18 0
264 302 11 1
265 302 11 1
417 216 18 0
266 302 11 1
418 216 18 0
267 302 11 1
419 216 18 0
268 302 11 1
420 216 18 0
421 216 18 0
422 216 18 0
423 216 18 0
150 53 21 0
151 53 21 0
152 53 21 0
153 53 21 0
306 263 19 0
154 53 21 0
307 263 19 0
155 53 21 0
308 263 19 0
156 53 21 0
309 263 19 0
157 53 21 0
310 263 19 0
311 263 19 0
312 263 19 0
218 271 20 0
219 271 20 0
220 271 20 0
145 240 22 0
221 271 20 0
146 240 22 0
222 271 20 0
147 240 22 0
223 271 20 0
148 240 22 0
224 271 20 0
149 240 22 0
150 240 22 0
151 240 22 0
307 302 19 0
308 302 19 0
309 302 19 0
233 123 23 1
310 302 19 0
234 123 23 1
311 302 19 0
235 123 23 1
312 302 19 0
236 123 23 1
313 302 19 0
237 123 23 1
238 123 23 1
239 123 23 1
139 279 22 0
139 131 23 1
240 123 23 1
140 279 22 0
140 131 23 1
241 123 23 1
141 279 22 0
141 131 23 1
242 123 23 1
142 279 22 0
142 131 23 1
243 123 23 1
143 279 22 0
143 131 23 1
244 123 23 1
144 279 22 0
144 131 23 1
245 123 23 1
145 279 22 0
145 131 23 1
246 123 23 1
146 131 23 1
147 131 23 1
148 131 23 1
149 131 23 1
150 131 23 1
151 131 23 1
152 131 23 1
153 131 23 1
53 287 7 1
154 131 23 1
54 287 7 1
155 131 23 1
55 287 7 1
156 131 23 1
56 287 7 1
157 131 23 1
57 287 7 1
158 131 23 1
159 131 23 1
160 131 23 1
161 131 23 1
162 131 23 1
415 185 18 0
163 131 23 1
341 302 15 1
416 185 18 0
164 131 23 1
342 302 15 1
417 185 18 0
165 131 23 1
343 302 15 1
418 185 18 0
166 131 23 1
344 302 15 1
419 185 18 0
167 131 23 1
345 302 15 1
420 185 18 0
168 131 23 1
346 302 15 1
421 185 18 0
169 131 23 1
347 302 15 1
396 76 9 1
170 131 23 1
348 302 15 1
397 76 9 1
171 131 23 1
349 302 15 1
398 76 9 1
172 131 23 1
350 302 15 1
399 76 9 1
173 131 23 1
400 76 9 1
174 131 23 1
401 76 9 1
175 131 23 1
402 76 9 1
176 131 23 1
177 131 23 1
178 131 23 1
179 131 23 1
180 131 23 1
181 131 23 1
182 131 23 1
183 131 23 1
184 131 23 1
185 131 23 1
186 279 13 1
186 131 23 1
187 279 13 1
187 131 23 1
188 279 13 1
188 131 23 1
189 279 13 1
189 131 23 1
417 224 18 0
190 279 13 1
190 131 23 1
418 224 18 0
191 131 23 1
419 224 18 0
192 131 23 1
420 224 18 0
193 131 23 1
421 224 18 0
194 131 23 1
422 224 18 0
195 131 23 1
423 224 18 0
196 131 23 1
197 131 23 1
146 61 21 0
198 131 23 1
147 61 21 0
199 131 23 1
148 61 21 0
200 131 23 1
149 61 21 0
201 131 23 1
150 61 21 0
202 131 23 1
151 61 21 0
203 131 23 1
152 61 21 0
204 131 23 1
153 61 21 0
306 271 19 0
205 131 23 1
307 271 19 0
206 131 23 1
308 271 19 0
207 131 23 1
309 271 19 0
208 131 23 1
310 271 19 0
209 131 23 1
311 271 19 0
210 131 23 1
312 271 19 0
211 131 23 1
212 131 23 1
213 131 23 1
214 131 23 1
215 131 23 1
39 256 6 1
216 131 23 1
40 256 6 1
217 131 23 1
41 256 6 1
218 279 20 0
218 131 23 1
143 248 22 0
42 256 6 1
219 279 20 0
219 131 23 1
144 248 22 0
43 256 6 1
220 279 20 0
220 131 23 1
145 248 22 0
221 279 20 0
221 131 23 1
146 248 22 0
222 279 20 0
222 131 23 1
147 248 22 0
223 279 20 0
223 131 23 1
148 248 22 0
224 279 20 0
224 131 23 1
149 248 22 0
225 131 23 1
226 131 23 1
227 131 23 1
228 131 23 1
229 131 23 1
230 131 23 1
308 310 19 0
309 310 19 0
310 310 19 0
311 310 19 0
312 310 19 0
136 287 22 0
313 310 19 0
137 287 22 0
314 310 19 0
138 287 22 0
139 287 22 0
140 287 22 0
141 287 22 0
142 287 22 0
416 193 18 0
417 193 18 0
418 193 18 0
419 193 18 0
420 193 18 0
421 193 18 0
422 193 18 0
396 84 9 1
397 84 9 1
272 279 16 1
398 84 9 1
273 279 16 1
399 84 9 1
274 279 16 1
400 84 9 1
275 279 16 1
349 14 4 1
276 279 16 1
356 14 4 1
88 295 8 1
142 69 21 0
143 69 21 0
144 69 21 0
221 248 20 0
145 69 21 0
222 248 20 0
146 69 21 0
223 248 20 0
147 69 21 0
224 248 20 0
148 69 21 0
225 248 20 0
149 69 21 0
226 248 20 0
227 248 20 0
306 279 19 0
307 279 19 0
308 279 19 0
309 279 19 0
310 279 19 0
311 279 19 0
312 279 19 0
218 287 20 0
143 256 22 0
219 287 20 0
144 256 22 0
220 287 20 0
145 256 22 0
221 287 20 0
146 256 22 0
222 287 20 0
147 256 22 0
223 287 20 0
148 256 22 0
224 287 20 0
149 256 22 0
178 217 14 1
179 217 14 1
180 217 14 1
181 217 14 1
182 217 14 1
416 162 18 0
417 162 18 0
418 162 18 0
419 162 18 0
420 162 18 0
421 162 18 0
416 201 18 0
417 201 18 0
418 201 18 0
419 201 18 0
420 201 18 0
421 201 18 0
422 201 18 0
347 22 10 1
348 22 10 1
349 22 10 1
350 22 4 1
351 22 4 1
352 22 4 1
306 248 19 0
307 248 19 0
308 248 19 0
309 248 19 0
310 248 19 0
311 248 19 0
312 248 19 0
64 194 2 0
65 194 2 0
66 194 2 0
67 194 2 0
68 194 2 0
220 256 20 0
69 194 2 0
221 256 20 0
70 194 2 0
222 256 20 0
223 256 20 0
224 256 20 0
225 256 20 0
150 225 22 0
226 256 20 0
151 225 22 0
306 287 19 0
307 287 19 0
308 287 19 0
309 287 19 0
310 287 19 0
311 287 19 0
312 287 19 0
216 295 20 0
367 209 17 1
141 264 22 0
217 295 20 0
368 209 17 1
142 264 22 0
218 295 20 0
369 209 17 1
143 264 22 0
219 295 20 0
370 209 17 1
144 264 22 0
220 295 20 0
371 209 17 1
145 264 22 0
221 295 20 0
146 264 22 0
222 295 20 0
147 264 22 0
415 170 18 0
416 170 18 0
417 170 18 0
418 170 18 0
419 170 18 0
420 170 18 0
421 170 18 0
417 209 18 0
418 209 18 0
419 209 18 0
420 209 18 0
421 209 18 0
422 209 18 0
423 209 18 0
306 256 19 0
307 256 19 0
308 256 19 0
156 46 21 0
309 256 19 0
157 46 21 0
310 256 19 0
158 46 21 0
311 256 19 0
159 46 21 0
312 256 19 0
160 46 21 0
161 46 21 0
162 46 21 0
163 46 21 0
219 264 20 0
220 264 20 0
221 264 20 0
146 233 22 0
222 264 20 0
147 233 22 0
223 264 20 0
148 233 22 0
224 264 20 0
149 233 22 0
225 264 20 0
150 233 22 0
151 233 22 0
152 233 22 0
307 295 19 0
308 295 19 0
309 295 19 0
310 295 19 0
311 295 19 0
312 295 19 0
313 295 19 0
214 303 20 0
215 303 20 0
140 272 22 0
216 303 20 0
141 272 22 0
217 303 20 0
142 272 22 0
218 303 20 0
143 272 22 0
219 303 20 0
144 272 22 0
220 303 20 0
145 272 22 0
146 272 22 0
247 116 23 1
248 116 23 1
249 116 23 1
250 116 23 1
251 116 23 1
252 116 23 1
253 116 23 1
254 116 23 1
255 116 23 1
256 116 23 1
257 116 23 1
258 116 23 1
259 116 23 1
260 116 23 1
415 178 18 0
416 178 18 0
417 178 18 0
418 178 18 0
419 178 18 0
420 178 18 0
421 178 18 0
246 303 12 1
349 295 15 1
263 303 11 1
264 303 11 1
265 303 11 1
266 303 11 1
417 217 18 0
267 303 11 1
418 217 18 0
268 303 11 1
419 217 18 0
269 303 11 1
420 217 18 0
421 217 18 0
422 217 18 0
423 217 18 0
150 54 21 0
151 54 21 0
152 54 21 0
153 54 21 0
306 264 19 0
154 54 21 0
307 264 19 0
155 54 21 0
308 264 19 0
156 54 21 0
309 264 19 0
310 264 19 0
311 264 19 0
312 264 19 0
218 272 20 0
219 272 20 0
220 272 20 0
145 241 22 0
221 272 20 0
146 241 22 0
222 272 20 0
147 241 22 0
223 272 20 0
148 241 22 0
224 272 20 0
149 241 22 0
150 241 22 0
151 241 22 0
307 303 19 0
231 124 23 1
308 303 19 0
232 124 23 1
309 303 19 0
233 124 23 1
310 303 19 0
234 124 23 1
311 303 19 0
235 124 23 1
312 303 19 0
236 124 23 1
313 303 19 0
237 124 23 1
137 132 23 1
238 124 23 1
138 280 22 0
138 132 23 1
239 124 23 1
139 280 22 0
139 132 23 1
240 124 23 1
140 280 22 0
140 132 23 1
241 124 23 1
141 280 22 0
141 132 23 1
242 124 23 1
142 280 22 0
142 132 23 1
243 124 23 1
143 280 22 0
143 132 23 1
144 280 22 0
144 132 23 1
145 132 23 1
146 132 23 1
147 132 23 1
148 132 23 1
149 132 23 1
150 132 23 1
151 132 23 1
152 132 23 1
52 288 7 1
153 132 23 1
53 288 7 1
154 132 23 1
54 288 7 1
155 132 23 1
55 288 7 1
156 132 23 1
56 288 7 1
157 132 23 1
57 288 7 1
158 132 23 1
58 288 7 1
159 132 23 1
160 132 23 1
161 132 23 1
162 132 23 1
415 186 18 0
163 132 23 1
416 186 18 0
164 132 23 1
417 186 18 0
165 132 23 1
343 303 15 1
418 186 18 0
166 132 23 1
344 303 15 1
419 186 18 0
167 132 23 1
345 303 15 1
420 186 18 0
168 132 23 1
346 303 15 1
421 186 18 0
169 132 23 1
347 303 15 1
396 77 9 1
170 132 23 1
348 303 15 1
397 77 9 1
171 132 23 1
398 77 9 1
172 132 23 1
399 77 9 1
173 132 23 1
400 77 9 1
174 132 23 1
401 77 9 1
175 132 23 1
402 77 9 1
176 132 23 1
177 132 23 1
178 132 23 1
179 132 23 1
180 132 23 1
181 132 23 1
182 132 23 1
183 132 23 1
184 132 23 1
185 280 13 1
185 132 23 1
186 280 13 1
186 132 23 1
187 280 13 1
187 132 23 1
188 280 13 1
188 132 23 1
189 280 13 1
189 132 23 1
190 280 13 1
417 225 18 0
190 132 23 1
191 280 13 1
418 225 18 0
191 132 23 1
419 225 18 0
192 132 23 1
420 225 18 0
193 132 23 1
421 225 18 0
194 132 23 1
422 225 18 0
195 132 23 1
423 225 18 0
196 132 23 1
145 62 21 0
197 132 23 1
146 62 21 0
198 132 23 1
147 62 21 0
199 132 23 1
148 62 21 0
225 241 20 0
200 132 23 1
149 62 21 0
226 241 20 0
201 132 23 1
150 62 21 0
202 132 23 1
151 62 21 0
