3891 765 1024
435 589 6 1
468 530 6 1
436 589 6 1
437 589 6 1
438 589 6 1
439 589 6 1
163 216 7 0
164 216 7 0
207 609 6 1
208 609 6 1
209 609 6 1
210 609 6 1
211 609 6 1
311 658 6 1
212 609 6 1
312 658 6 1
213 609 6 1
313 658 6 1
214 609 6 1
314 658 6 1
315 658 6 1
316 658 6 1
317 658 6 1
318 658 6 1
319 658 6 1
320 658 6 1
321 658 6 1
322 658 6 1
323 658 6 1
324 658 6 1
325 658 6 1
326 658 6 1
327 658 6 1
328 658 6 1
329 658 6 1
330 658 6 1
331 658 6 1
332 658 6 1
333 658 6 1
334 658 6 1
335 658 6 1
336 658 6 1
337 658 6 1
338 658 6 1
165 560 6 1
166 560 6 1
167 560 6 1
168 560 6 1
169 560 6 1
170 560 6 1
171 560 6 1
172 560 6 1
173 560 6 1
174 560 6 1
478 481 6 1
479 481 6 1
480 481 6 1
481 481 6 1
482 481 6 1
483 481 6 1
484 481 6 1
255 668 6 1
421 599 6 1
256 668 6 1
422 599 6 1
257 668 6 1
423 599 6 1
258 668 6 1
424 599 6 1
259 668 6 1
425 599 6 1
260 668 6 1
426 599 6 1
261 668 6 1
427 599 6 1
460 540 6 1
262 668 6 1
428 599 6 1
461 540 6 1
263 668 6 1
429 599 6 1
462 540 6 1
264 668 6 1
463 540 6 1
265 668 6 1
464 540 6 1
266 668 6 1
465 540 6 1
267 668 6 1
466 540 6 1
268 668 6 1
269 668 6 1
270 668 6 1
271 668 6 1
272 668 6 1
273 668 6 1
274 668 6 1
275 668 6 1
276 668 6 1
277 668 6 1
278 668 6 1
279 668 6 1
280 668 6 1
281 668 6 1
282 668 6 1
148 226 7 0
283 668 6 1
149 226 7 0
284 668 6 1
150 226 7 0
285 668 6 1
151 226 7 0
286 668 6 1
152 226 7 0
287 668 6 1
153 226 7 0
288 668 6 1
154 226 7 0
289 668 6 1
155 226 7 0
290 668 6 1
156 226 7 0
291 668 6 1
157 226 7 0
292 668 6 1
158 226 7 0
293 668 6 1
294 668 6 1
295 668 6 1
296 668 6 1
297 668 6 1
298 668 6 1
299 668 6 1
300 668 6 1
301 668 6 1
302 668 6 1
213 619 6 1
214 619 6 1
215 619 6 1
216 619 6 1
217 619 6 1
218 619 6 1
219 619 6 1
474 491 6 1
475 491 6 1
476 491 6 1
411 609 6 1
477 491 6 1
179 570 6 1
412 609 6 1
478 491 6 1
180 570 6 1
413 609 6 1
479 491 6 1
181 570 6 1
414 609 6 1
480 491 6 1
182 570 6 1
415 609 6 1
183 570 6 1
416 609 6 1
184 570 6 1
417 609 6 1
185 570 6 1
418 609 6 1
186 570 6 1
419 609 6 1
187 570 6 1
188 570 6 1
457 550 6 1
458 550 6 1
459 550 6 1
460 550 6 1
461 550 6 1
462 550 6 1
463 550 6 1
138 236 7 0
139 236 7 0
140 236 7 0
141 236 7 0
142 236 7 0
143 236 7 0
144 236 7 0
145 236 7 0
146 236 7 0
147 236 7 0
219 629 6 1
220 629 6 1
221 629 6 1
222 629 6 1
223 629 6 1
224 629 6 1
225 629 6 1
226 629 6 1
495 442 6 1
496 442 6 1
497 442 6 1
399 619 6 1
498 442 6 1
400 619 6 1
499 442 6 1
401 619 6 1
500 442 6 1
402 619 6 1
501 442 6 1
403 619 6 1
404 619 6 1
470 501 6 1
405 619 6 1
471 501 6 1
406 619 6 1
472 501 6 1
407 619 6 1
473 501 6 1
408 619 6 1
474 501 6 1
409 619 6 1
475 501 6 1
476 501 6 1
454 560 6 1
455 560 6 1
190 580 6 1
456 560 6 1
191 580 6 1
457 560 6 1
192 580 6 1
458 560 6 1
193 580 6 1
459 560 6 1
126 246 7 0
194 580 6 1
460 560 6 1
127 246 7 0
195 580 6 1
128 246 7 0
196 580 6 1
129 246 7 0
197 580 6 1
130 246 7 0
198 580 6 1
131 246 7 0
132 246 7 0
133 246 7 0
134 246 7 0
135 246 7 0
136 246 7 0
137 246 7 0
222 639 6 1
223 639 6 1
224 639 6 1
225 639 6 1
226 639 6 1
227 639 6 1
228 639 6 1
384 629 6 1
385 629 6 1
386 629 6 1
387 629 6 1
388 629 6 1
389 629 6 1
390 629 6 1
391 629 6 1
392 629 6 1
393 629 6 1
492 452 6 1
493 452 6 1
494 452 6 1
495 452 6 1
496 452 6 1
497 452 6 1
498 452 6 1
467 511 6 1
468 511 6 1
469 511 6 1
470 511 6 1
471 511 6 1
472 511 6 1
473 511 6 1
448 570 6 1
449 570 6 1
450 570 6 1
451 570 6 1
452 570 6 1
119 256 7 0
453 570 6 1
120 256 7 0
454 570 6 1
121 256 7 0
455 570 6 1
122 256 7 0
123 256 7 0
124 256 7 0
125 256 7 0
126 256 7 0
127 256 7 0
196 590 6 1
197 590 6 1
198 590 6 1
199 590 6 1
200 590 6 1
201 590 6 1
202 590 6 1
228 649 6 1
229 649 6 1
230 649 6 1
231 649 6 1
232 649 6 1
233 649 6 1
234 649 6 1
235 649 6 1
368 639 6 1
369 639 6 1
370 639 6 1
371 639 6 1
372 639 6 1
373 639 6 1
374 639 6 1
375 639 6 1
376 639 6 1
377 639 6 1
378 639 6 1
487 462 6 1
488 462 6 1
489 462 6 1
490 462 6 1
491 462 6 1
492 462 6 1
493 462 6 1
464 521 6 1
465 521 6 1
466 521 6 1
467 521 6 1
468 521 6 1
469 521 6 1
470 521 6 1
439 580 6 1
440 580 6 1
441 580 6 1
442 580 6 1
443 580 6 1
444 580 6 1
111 266 7 0
445 580 6 1
112 266 7 0
446 580 6 1
113 266 7 0
447 580 6 1
114 266 7 0
115 266 7 0
202 600 6 1
203 600 6 1
204 600 6 1
205 600 6 1
206 600 6 1
207 600 6 1
208 600 6 1
344 649 6 1
345 649 6 1
346 649 6 1
347 649 6 1
348 649 6 1
349 649 6 1
350 649 6 1
351 649 6 1
352 649 6 1
353 649 6 1
354 649 6 1
355 649 6 1
356 649 6 1
357 649 6 1
358 649 6 1
359 649 6 1
360 649 6 1
361 649 6 1
362 649 6 1
363 649 6 1
364 649 6 1
239 659 6 1
240 659 6 1
241 659 6 1
242 659 6 1
243 659 6 1
244 659 6 1
245 659 6 1
246 659 6 1
247 659 6 1
248 659 6 1
249 659 6 1
481 472 6 1
482 472 6 1
483 472 6 1
484 472 6 1
485 472 6 1
486 472 6 1
487 472 6 1
488 472 6 1
461 531 6 1
429 590 6 1
462 531 6 1
430 590 6 1
463 531 6 1
431 590 6 1
464 531 6 1
432 590 6 1
465 531 6 1
433 590 6 1
466 531 6 1
434 590 6 1
467 531 6 1
435 590 6 1
436 590 6 1
437 590 6 1
438 590 6 1
161 217 7 0
162 217 7 0
163 217 7 0
164 217 7 0
165 217 7 0
166 217 7 0
306 659 6 1
207 610 6 1
307 659 6 1
208 610 6 1
308 659 6 1
209 610 6 1
309 659 6 1
210 610 6 1
310 659 6 1
211 610 6 1
311 659 6 1
212 610 6 1
312 659 6 1
213 610 6 1
313 659 6 1
214 610 6 1
314 659 6 1
215 610 6 1
315 659 6 1
316 659 6 1
317 659 6 1
318 659 6 1
319 659 6 1
320 659 6 1
321 659 6 1
322 659 6 1
323 659 6 1
324 659 6 1
325 659 6 1
326 659 6 1
327 659 6 1
328 659 6 1
329 659 6 1
330 659 6 1
331 659 6 1
332 659 6 1
333 659 6 1
334 659 6 1
335 659 6 1
167 561 6 1
168 561 6 1
169 561 6 1
170 561 6 1
171 561 6 1
172 561 6 1
173 561 6 1
174 561 6 1
175 561 6 1
478 482 6 1
479 482 6 1
480 482 6 1
481 482 6 1
482 482 6 1
483 482 6 1
484 482 6 1
420 600 6 1
421 600 6 1
422 600 6 1
257 669 6 1
423 600 6 1
258 669 6 1
424 600 6 1
259 669 6 1
425 600 6 1
260 669 6 1
426 600 6 1
261 669 6 1
427 600 6 1
460 541 6 1
262 669 6 1
428 600 6 1
461 541 6 1
263 669 6 1
462 541 6 1
264 669 6 1
463 541 6 1
265 669 6 1
464 541 6 1
266 669 6 1
465 541 6 1
267 669 6 1
466 541 6 1
268 669 6 1
269 669 6 1
270 669 6 1
271 669 6 1
272 669 6 1
273 669 6 1
274 669 6 1
275 669 6 1
276 669 6 1
277 669 6 1
278 669 6 1
279 669 6 1
280 669 6 1
281 669 6 1
147 227 7 0
282 669 6 1
148 227 7 0
283 669 6 1
149 227 7 0
284 669 6 1
150 227 7 0
285 669 6 1
151 227 7 0
286 669 6 1
152 227 7 0
287 669 6 1
153 227 7 0
288 669 6 1
154 227 7 0
289 669 6 1
155 227 7 0
290 669 6 1
156 227 7 0
291 669 6 1
292 669 6 1
293 669 6 1
294 669 6 1
295 669 6 1
296 669 6 1
297 669 6 1
298 669 6 1
214 620 6 1
215 620 6 1
216 620 6 1
217 620 6 1
218 620 6 1
219 620 6 1
220 620 6 1
473 492 6 1
474 492 6 1
475 492 6 1
410 610 6 1
476 492 6 1
411 610 6 1
477 492 6 1
412 610 6 1
478 492 6 1
180 571 6 1
413 610 6 1
479 492 6 1
181 571 6 1
414 610 6 1
480 492 6 1
182 571 6 1
415 610 6 1
183 571 6 1
416 610 6 1
184 571 6 1
417 610 6 1
185 571 6 1
418 610 6 1
186 571 6 1
187 571 6 1
188 571 6 1
189 571 6 1
190 571 6 1
457 551 6 1
458 551 6 1
459 551 6 1
460 551 6 1
461 551 6 1
462 551 6 1
463 551 6 1
137 237 7 0
138 237 7 0
139 237 7 0
140 237 7 0
141 237 7 0
142 237 7 0
143 237 7 0
144 237 7 0
145 237 7 0
146 237 7 0
220 630 6 1
221 630 6 1
222 630 6 1
223 630 6 1
224 630 6 1
225 630 6 1
226 630 6 1
494 443 6 1
495 443 6 1
496 443 6 1
398 620 6 1
497 443 6 1
399 620 6 1
498 443 6 1
400 620 6 1
499 443 6 1
401 620 6 1
500 443 6 1
402 620 6 1
501 443 6 1
403 620 6 1
502 443 6 1
404 620 6 1
470 502 6 1
405 620 6 1
471 502 6 1
406 620 6 1
472 502 6 1
407 620 6 1
473 502 6 1
408 620 6 1
474 502 6 1
475 502 6 1
476 502 6 1
453 561 6 1
454 561 6 1
455 561 6 1
456 561 6 1
191 581 6 1
457 561 6 1
192 581 6 1
458 561 6 1
193 581 6 1
459 561 6 1
126 247 7 0
194 581 6 1
127 247 7 0
195 581 6 1
128 247 7 0
196 581 6 1
129 247 7 0
197 581 6 1
130 247 7 0
198 581 6 1
131 247 7 0
132 247 7 0
133 247 7 0
134 247 7 0
135 247 7 0
223 640 6 1
224 640 6 1
225 640 6 1
226 640 6 1
227 640 6 1
228 640 6 1
229 640 6 1
381 630 6 1
382 630 6 1
383 630 6 1
384 630 6 1
385 630 6 1
386 630 6 1
387 630 6 1
388 630 6 1
389 630 6 1
390 630 6 1
391 630 6 1
392 630 6 1
491 453 6 1
393 630 6 1
492 453 6 1
493 453 6 1
494 453 6 1
495 453 6 1
496 453 6 1
497 453 6 1
466 512 6 1
467 512 6 1
468 512 6 1
469 512 6 1
470 512 6 1
471 512 6 1
472 512 6 1
447 571 6 1
448 571 6 1
449 571 6 1
450 571 6 1
117 257 7 0
451 571 6 1
118 257 7 0
452 571 6 1
119 257 7 0
453 571 6 1
120 257 7 0
454 571 6 1
121 257 7 0
122 257 7 0
123 257 7 0
124 257 7 0
125 257 7 0
126 257 7 0
197 591 6 1
198 591 6 1
199 591 6 1
200 591 6 1
201 591 6 1
202 591 6 1
203 591 6 1
229 650 6 1
230 650 6 1
231 650 6 1
232 650 6 1
233 650 6 1
366 640 6 1
234 650 6 1
367 640 6 1
235 650 6 1
368 640 6 1
236 650 6 1
369 640 6 1
237 650 6 1
370 640 6 1
371 640 6 1
372 640 6 1
373 640 6 1
374 640 6 1
375 640 6 1
376 640 6 1
377 640 6 1
378 640 6 1
487 463 6 1
488 463 6 1
489 463 6 1
490 463 6 1
491 463 6 1
492 463 6 1
493 463 6 1
464 522 6 1
465 522 6 1
466 522 6 1
467 522 6 1
468 522 6 1
469 522 6 1
470 522 6 1
438 581 6 1
439 581 6 1
440 581 6 1
441 581 6 1
442 581 6 1
443 581 6 1
444 581 6 1
445 581 6 1
446 581 6 1
113 267 7 0
203 601 6 1
204 601 6 1
205 601 6 1
206 601 6 1
207 601 6 1
208 601 6 1
209 601 6 1
341 650 6 1
342 650 6 1
343 650 6 1
344 650 6 1
345 650 6 1
346 650 6 1
347 650 6 1
348 650 6 1
349 650 6 1
350 650 6 1
351 650 6 1
352 650 6 1
353 650 6 1
354 650 6 1
355 650 6 1
356 650 6 1
357 650 6 1
358 650 6 1
359 650 6 1
360 650 6 1
361 650 6 1
362 650 6 1
240 660 6 1
241 660 6 1
242 660 6 1
243 660 6 1
244 660 6 1
245 660 6 1
246 660 6 1
247 660 6 1
248 660 6 1
249 660 6 1
481 473 6 1
250 660 6 1
482 473 6 1
251 660 6 1
483 473 6 1
252 660 6 1
484 473 6 1
485 473 6 1
486 473 6 1
487 473 6 1
428 591 6 1
461 532 6 1
429 591 6 1
462 532 6 1
430 591 6 1
463 532 6 1
431 591 6 1
464 532 6 1
432 591 6 1
465 532 6 1
433 591 6 1
466 532 6 1
434 591 6 1
467 532 6 1
435 591 6 1
436 591 6 1
159 218 7 0
160 218 7 0
161 218 7 0
162 218 7 0
163 218 7 0
164 218 7 0
165 218 7 0
166 218 7 0
304 660 6 1
305 660 6 1
306 660 6 1
307 660 6 1
208 611 6 1
308 660 6 1
209 611 6 1
309 660 6 1
210 611 6 1
310 660 6 1
211 611 6 1
311 660 6 1
212 611 6 1
312 660 6 1
213 611 6 1
313 660 6 1
214 611 6 1
314 660 6 1
215 611 6 1
315 660 6 1
216 611 6 1
316 660 6 1
317 660 6 1
318 660 6 1
319 660 6 1
320 660 6 1
321 660 6 1
322 660 6 1
323 660 6 1
324 660 6 1
325 660 6 1
326 660 6 1
327 660 6 1
328 660 6 1
329 660 6 1
330 660 6 1
331 660 6 1
332 660 6 1
169 562 6 1
170 562 6 1
171 562 6 1
172 562 6 1
173 562 6 1
174 562 6 1
175 562 6 1
176 562 6 1
177 562 6 1
478 483 6 1
479 483 6 1
480 483 6 1
481 483 6 1
482 483 6 1
483 483 6 1
484 483 6 1
419 601 6 1
420 601 6 1
421 601 6 1
422 601 6 1
423 601 6 1
424 601 6 1
425 601 6 1
426 601 6 1
427 601 6 1
460 542 6 1
461 542 6 1
462 542 6 1
463 542 6 1
464 542 6 1
465 542 6 1
466 542 6 1
146 228 7 0
147 228 7 0
148 228 7 0
149 228 7 0
150 228 7 0
151 228 7 0
152 228 7 0
153 228 7 0
154 228 7 0
155 228 7 0
214 621 6 1
215 621 6 1
216 621 6 1
217 621 6 1
218 621 6 1
219 621 6 1
220 621 6 1
473 493 6 1
408 611 6 1
474 493 6 1
409 611 6 1
475 493 6 1
410 611 6 1
476 493 6 1
411 611 6 1
477 493 6 1
412 611 6 1
478 493 6 1
413 611 6 1
479 493 6 1
414 611 6 1
182 572 6 1
415 611 6 1
183 572 6 1
416 611 6 1
184 572 6 1
417 611 6 1
185 572 6 1
418 611 6 1
186 572 6 1
187 572 6 1
188 572 6 1
189 572 6 1
190 572 6 1
191 572 6 1
457 552 6 1
458 552 6 1
459 552 6 1
460 552 6 1
461 552 6 1
462 552 6 1
463 552 6 1
136 238 7 0
137 238 7 0
138 238 7 0
139 238 7 0
140 238 7 0
141 238 7 0
142 238 7 0
143 238 7 0
144 238 7 0
220 631 6 1
221 631 6 1
222 631 6 1
223 631 6 1
224 631 6 1
225 631 6 1
226 631 6 1
227 631 6 1
396 621 6 1
495 444 6 1
397 621 6 1
496 444 6 1
398 621 6 1
497 444 6 1
399 621 6 1
498 444 6 1
400 621 6 1
499 444 6 1
401 621 6 1
500 444 6 1
402 621 6 1
501 444 6 1
403 621 6 1
469 503 6 1
502 444 6 1
404 621 6 1
470 503 6 1
405 621 6 1
471 503 6 1
406 621 6 1
472 503 6 1
407 621 6 1
473 503 6 1
408 621 6 1
474 503 6 1
475 503 6 1
452 562 6 1
453 562 6 1
454 562 6 1
455 562 6 1
456 562 6 1
457 562 6 1
192 582 6 1
458 562 6 1
125 248 7 0
193 582 6 1
459 562 6 1
126 248 7 0
194 582 6 1
127 248 7 0
195 582 6 1
128 248 7 0
196 582 6 1
129 248 7 0
197 582 6 1
130 248 7 0
198 582 6 1
131 248 7 0
132 248 7 0
133 248 7 0
134 248 7 0
223 641 6 1
224 641 6 1
225 641 6 1
226 641 6 1
227 641 6 1
228 641 6 1
229 641 6 1
379 631 6 1
380 631 6 1
381 631 6 1
382 631 6 1
383 631 6 1
384 631 6 1
385 631 6 1
386 631 6 1
387 631 6 1
388 631 6 1
389 631 6 1
390 631 6 1
391 631 6 1
392 631 6 1
491 454 6 1
492 454 6 1
493 454 6 1
494 454 6 1
495 454 6 1
496 454 6 1
497 454 6 1
466 513 6 1
467 513 6 1
468 513 6 1
469 513 6 1
470 513 6 1
471 513 6 1
472 513 6 1
446 572 6 1
447 572 6 1
448 572 6 1
115 258 7 0
449 572 6 1
116 258 7 0
450 572 6 1
117 258 7 0
451 572 6 1
118 258 7 0
452 572 6 1
119 258 7 0
453 572 6 1
120 258 7 0
121 258 7 0
122 258 7 0
123 258 7 0
124 258 7 0
125 258 7 0
197 592 6 1
198 592 6 1
199 592 6 1
200 592 6 1
201 592 6 1
202 592 6 1
203 592 6 1
204 592 6 1
230 651 6 1
231 651 6 1
364 641 6 1
232 651 6 1
365 641 6 1
233 651 6 1
366 641 6 1
234 651 6 1
367 641 6 1
235 651 6 1
368 641 6 1
236 651 6 1
369 641 6 1
237 651 6 1
370 641 6 1
238 651 6 1
371 641 6 1
372 641 6 1
373 641 6 1
374 641 6 1
375 641 6 1
376 641 6 1
486 464 6 1
487 464 6 1
488 464 6 1
489 464 6 1
490 464 6 1
491 464 6 1
492 464 6 1
464 523 6 1
465 523 6 1
466 523 6 1
467 523 6 1
468 523 6 1
469 523 6 1
470 523 6 1
438 582 6 1
439 582 6 1
440 582 6 1
441 582 6 1
442 582 6 1
443 582 6 1
444 582 6 1
445 582 6 1
203 602 6 1
204 602 6 1
205 602 6 1
206 602 6 1
207 602 6 1
208 602 6 1
209 602 6 1
339 651 6 1
340 651 6 1
341 651 6 1
342 651 6 1
343 651 6 1
344 651 6 1
345 651 6 1
346 651 6 1
347 651 6 1
348 651 6 1
349 651 6 1
350 651 6 1
351 651 6 1
352 651 6 1
353 651 6 1
354 651 6 1
355 651 6 1
356 651 6 1
357 651 6 1
358 651 6 1
359 651 6 1
360 651 6 1
241 661 6 1
242 661 6 1
243 661 6 1
244 661 6 1
245 661 6 1
246 661 6 1
247 661 6 1
248 661 6 1
249 661 6 1
481 474 6 1
250 661 6 1
482 474 6 1
251 661 6 1
483 474 6 1
252 661 6 1
484 474 6 1
253 661 6 1
485 474 6 1
254 661 6 1
486 474 6 1
487 474 6 1
427 592 6 1
428 592 6 1
461 533 6 1
429 592 6 1
462 533 6 1
430 592 6 1
463 533 6 1
431 592 6 1
464 533 6 1
432 592 6 1
465 533 6 1
433 592 6 1
466 533 6 1
434 592 6 1
467 533 6 1
435 592 6 1
158 219 7 0
159 219 7 0
160 219 7 0
161 219 7 0
162 219 7 0
163 219 7 0
164 219 7 0
165 219 7 0
166 219 7 0
167 219 7 0
303 661 6 1
304 661 6 1
305 661 6 1
306 661 6 1
307 661 6 1
308 661 6 1
209 612 6 1
309 661 6 1
210 612 6 1
310 661 6 1
211 612 6 1
311 661 6 1
212 612 6 1
312 661 6 1
213 612 6 1
313 661 6 1
214 612 6 1
314 661 6 1
215 612 6 1
315 661 6 1
216 612 6 1
316 661 6 1
317 661 6 1
318 661 6 1
319 661 6 1
320 661 6 1
321 661 6 1
322 661 6 1
323 661 6 1
324 661 6 1
325 661 6 1
170 563 6 1
171 563 6 1
172 563 6 1
173 563 6 1
174 563 6 1
175 563 6 1
176 563 6 1
177 563 6 1
178 563 6 1
478 484 6 1
479 484 6 1
480 484 6 1
481 484 6 1
482 484 6 1
483 484 6 1
418 602 6 1
484 484 6 1
419 602 6 1
420 602 6 1
421 602 6 1
422 602 6 1
423 602 6 1
424 602 6 1
425 602 6 1
426 602 6 1
459 543 6 1
460 543 6 1
461 543 6 1
462 543 6 1
463 543 6 1
464 543 6 1
465 543 6 1
145 229 7 0
146 229 7 0
147 229 7 0
148 229 7 0
149 229 7 0
150 229 7 0
151 229 7 0
152 229 7 0
153 229 7 0
154 229 7 0
214 622 6 1
215 622 6 1
216 622 6 1
217 622 6 1
218 622 6 1
219 622 6 1
220 622 6 1
221 622 6 1
472 494 6 1
407 612 6 1
473 494 6 1
408 612 6 1
474 494 6 1
409 612 6 1
475 494 6 1
410 612 6 1
476 494 6 1
411 612 6 1
477 494 6 1
412 612 6 1
478 494 6 1
413 612 6 1
414 612 6 1
415 612 6 1
183 573 6 1
416 612 6 1
184 573 6 1
417 612 6 1
185 573 6 1
186 573 6 1
187 573 6 1
188 573 6 1
189 573 6 1
190 573 6 1
456 553 6 1
191 573 6 1
457 553 6 1
192 573 6 1
458 553 6 1
459 553 6 1
460 553 6 1
461 553 6 1
462 553 6 1
136 239 7 0
137 239 7 0
138 239 7 0
139 239 7 0
140 239 7 0
141 239 7 0
142 239 7 0
143 239 7 0
221 632 6 1
222 632 6 1
223 632 6 1
224 632 6 1
225 632 6 1
226 632 6 1
227 632 6 1
394 622 6 1
395 622 6 1
396 622 6 1
495 445 6 1
397 622 6 1
496 445 6 1
398 622 6 1
497 445 6 1
399 622 6 1
498 445 6 1
400 622 6 1
499 445 6 1
401 622 6 1
500 445 6 1
402 622 6 1
501 445 6 1
403 622 6 1
469 504 6 1
502 445 6 1
404 622 6 1
470 504 6 1
405 622 6 1
471 504 6 1
406 622 6 1
472 504 6 1
473 504 6 1
474 504 6 1
475 504 6 1
452 563 6 1
453 563 6 1
454 563 6 1
455 563 6 1
456 563 6 1
457 563 6 1
458 563 6 1
125 249 7 0
193 583 6 1
126 249 7 0
194 583 6 1
127 249 7 0
195 583 6 1
128 249 7 0
196 583 6 1
129 249 7 0
197 583 6 1
130 249 7 0
198 583 6 1
131 249 7 0
199 583 6 1
132 249 7 0
133 249 7 0
224 642 6 1
225 642 6 1
226 642 6 1
227 642 6 1
228 642 6 1
229 642 6 1
230 642 6 1
377 632 6 1
378 632 6 1
379 632 6 1
380 632 6 1
381 632 6 1
382 632 6 1
383 632 6 1
384 632 6 1
385 632 6 1
386 632 6 1
387 632 6 1
388 632 6 1
389 632 6 1
390 632 6 1
490 455 6 1
491 455 6 1
492 455 6 1
493 455 6 1
494 455 6 1
495 455 6 1
496 455 6 1
466 514 6 1
467 514 6 1
468 514 6 1
469 514 6 1
470 514 6 1
471 514 6 1
472 514 6 1
446 573 6 1
447 573 6 1
114 259 7 0
448 573 6 1
115 259 7 0
449 573 6 1
116 259 7 0
450 573 6 1
117 259 7 0
451 573 6 1
118 259 7 0
452 573 6 1
119 259 7 0
120 259 7 0
121 259 7 0
122 259 7 0
123 259 7 0
124 259 7 0
198 593 6 1
199 593 6 1
200 593 6 1
201 593 6 1
202 593 6 1
203 593 6 1
204 593 6 1
205 593 6 1
230 652 6 1
363 642 6 1
231 652 6 1
364 642 6 1
232 652 6 1
365 642 6 1
233 652 6 1
366 642 6 1
234 652 6 1
367 642 6 1
235 652 6 1
368 642 6 1
236 652 6 1
369 642 6 1
237 652 6 1
370 642 6 1
238 652 6 1
371 642 6 1
239 652 6 1
372 642 6 1
373 642 6 1
374 642 6 1
486 465 6 1
487 465 6 1
488 465 6 1
489 465 6 1
490 465 6 1
491 465 6 1
492 465 6 1
464 524 6 1
465 524 6 1
466 524 6 1
467 524 6 1
468 524 6 1
469 524 6 1
437 583 6 1
470 524 6 1
438 583 6 1
439 583 6 1
440 583 6 1
441 583 6 1
442 583 6 1
443 583 6 1
444 583 6 1
203 603 6 1
204 603 6 1
205 603 6 1
206 603 6 1
207 603 6 1
208 603 6 1
209 603 6 1
336 652 6 1
337 652 6 1
338 652 6 1
339 652 6 1
340 652 6 1
341 652 6 1
342 652 6 1
343 652 6 1
344 652 6 1
345 652 6 1
346 652 6 1
347 652 6 1
348 652 6 1
349 652 6 1
350 652 6 1
351 652 6 1
352 652 6 1
353 652 6 1
354 652 6 1
355 652 6 1
356 652 6 1
165 554 6 1
166 554 6 1
242 662 6 1
243 662 6 1
244 662 6 1
245 662 6 1
246 662 6 1
247 662 6 1
248 662 6 1
249 662 6 1
481 475 6 1
250 662 6 1
482 475 6 1
251 662 6 1
483 475 6 1
252 662 6 1
484 475 6 1
253 662 6 1
485 475 6 1
254 662 6 1
486 475 6 1
255 662 6 1
487 475 6 1
256 662 6 1
427 593 6 1
428 593 6 1
461 534 6 1
429 593 6 1
462 534 6 1
430 593 6 1
463 534 6 1
431 593 6 1
464 534 6 1
432 593 6 1
465 534 6 1
433 593 6 1
466 534 6 1
434 593 6 1
467 534 6 1
157 220 7 0
158 220 7 0
159 220 7 0
160 220 7 0
161 220 7 0
162 220 7 0
163 220 7 0
164 220 7 0
299 662 6 1
165 220 7 0
300 662 6 1
166 220 7 0
301 662 6 1
302 662 6 1
303 662 6 1
304 662 6 1
305 662 6 1
306 662 6 1
307 662 6 1
308 662 6 1
309 662 6 1
210 613 6 1
310 662 6 1
211 613 6 1
311 662 6 1
212 613 6 1
312 662 6 1
213 613 6 1
313 662 6 1
214 613 6 1
314 662 6 1
215 613 6 1
315 662 6 1
216 613 6 1
316 662 6 1
217 613 6 1
317 662 6 1
318 662 6 1
319 662 6 1
320 662 6 1
321 662 6 1
322 662 6 1
170 564 6 1
171 564 6 1
172 564 6 1
173 564 6 1
174 564 6 1
175 564 6 1
176 564 6 1
177 564 6 1
178 564 6 1
477 485 6 1
179 564 6 1
478 485 6 1
180 564 6 1
479 485 6 1
480 485 6 1
481 485 6 1
482 485 6 1
417 603 6 1
483 485 6 1
418 603 6 1
419 603 6 1
420 603 6 1
421 603 6 1
422 603 6 1
423 603 6 1
424 603 6 1
425 603 6 1
459 544 6 1
460 544 6 1
461 544 6 1
462 544 6 1
463 544 6 1
464 544 6 1
465 544 6 1
145 230 7 0
146 230 7 0
147 230 7 0
148 230 7 0
149 230 7 0
150 230 7 0
151 230 7 0
152 230 7 0
215 623 6 1
216 623 6 1
217 623 6 1
218 623 6 1
219 623 6 1
220 623 6 1
221 623 6 1
406 613 6 1
472 495 6 1
407 613 6 1
473 495 6 1
408 613 6 1
474 495 6 1
409 613 6 1
475 495 6 1
410 613 6 1
476 495 6 1
411 613 6 1
477 495 6 1
412 613 6 1
478 495 6 1
413 613 6 1
414 613 6 1
415 613 6 1
416 613 6 1
184 574 6 1
185 574 6 1
186 574 6 1
187 574 6 1
188 574 6 1
189 574 6 1
190 574 6 1
456 554 6 1
191 574 6 1
457 554 6 1
192 574 6 1
458 554 6 1
193 574 6 1
459 554 6 1
460 554 6 1
461 554 6 1
462 554 6 1
135 240 7 0
136 240 7 0
137 240 7 0
138 240 7 0
139 240 7 0
140 240 7 0
141 240 7 0
142 240 7 0
222 633 6 1
223 633 6 1
224 633 6 1
225 633 6 1
226 633 6 1
227 633 6 1
228 633 6 1
392 623 6 1
393 623 6 1
394 623 6 1
395 623 6 1
396 623 6 1
495 446 6 1
397 623 6 1
496 446 6 1
398 623 6 1
497 446 6 1
399 623 6 1
498 446 6 1
400 623 6 1
499 446 6 1
401 623 6 1
500 446 6 1
402 623 6 1
501 446 6 1
403 623 6 1
469 505 6 1
502 446 6 1
404 623 6 1
470 505 6 1
471 505 6 1
472 505 6 1
473 505 6 1
474 505 6 1
475 505 6 1
451 564 6 1
452 564 6 1
453 564 6 1
454 564 6 1
455 564 6 1
456 564 6 1
457 564 6 1
124 250 7 0
458 564 6 1
125 250 7 0
193 584 6 1
126 250 7 0
194 584 6 1
127 250 7 0
195 584 6 1
128 250 7 0
196 584 6 1
129 250 7 0
197 584 6 1
130 250 7 0
198 584 6 1
131 250 7 0
199 584 6 1
200 584 6 1
224 643 6 1
225 643 6 1
226 643 6 1
227 643 6 1
228 643 6 1
229 643 6 1
230 643 6 1
375 633 6 1
376 633 6 1
377 633 6 1
378 633 6 1
379 633 6 1
380 633 6 1
381 633 6 1
382 633 6 1
383 633 6 1
384 633 6 1
385 633 6 1
386 633 6 1
387 633 6 1
388 633 6 1
490 456 6 1
491 456 6 1
492 456 6 1
493 456 6 1
494 456 6 1
495 456 6 1
496 456 6 1
466 515 6 1
467 515 6 1
468 515 6 1
469 515 6 1
470 515 6 1
471 515 6 1
472 515 6 1
445 574 6 1
446 574 6 1
113 260 7 0
447 574 6 1
114 260 7 0
448 574 6 1
115 260 7 0
449 574 6 1
116 260 7 0
450 574 6 1
117 260 7 0
451 574 6 1
118 260 7 0
452 574 6 1
119 260 7 0
120 260 7 0
121 260 7 0
122 260 7 0
123 260 7 0
198 594 6 1
199 594 6 1
200 594 6 1
201 594 6 1
202 594 6 1
203 594 6 1
204 594 6 1
205 594 6 1
362 643 6 1
363 643 6 1
231 653 6 1
364 643 6 1
232 653 6 1
365 643 6 1
233 653 6 1
366 643 6 1
234 653 6 1
367 643 6 1
235 653 6 1
368 643 6 1
236 653 6 1
369 643 6 1
237 653 6 1
370 643 6 1
238 653 6 1
371 643 6 1
239 653 6 1
372 643 6 1
240 653 6 1
373 643 6 1
241 653 6 1
485 466 6 1
486 466 6 1
487 466 6 1
488 466 6 1
489 466 6 1
490 466 6 1
491 466 6 1
492 466 6 1
463 525 6 1
464 525 6 1
465 525 6 1
466 525 6 1
467 525 6 1
468 525 6 1
436 584 6 1
469 525 6 1
437 584 6 1
438 584 6 1
439 584 6 1
440 584 6 1
441 584 6 1
442 584 6 1
443 584 6 1
204 604 6 1
205 604 6 1
206 604 6 1
207 604 6 1
208 604 6 1
209 604 6 1
210 604 6 1
333 653 6 1
334 653 6 1
335 653 6 1
336 653 6 1
337 653 6 1
338 653 6 1
339 653 6 1
340 653 6 1
341 653 6 1
342 653 6 1
343 653 6 1
344 653 6 1
345 653 6 1
346 653 6 1
347 653 6 1
348 653 6 1
349 653 6 1
350 653 6 1
351 653 6 1
352 653 6 1
163 555 6 1
164 555 6 1
165 555 6 1
166 555 6 1
167 555 6 1
168 555 6 1
169 555 6 1
244 663 6 1
245 663 6 1
246 663 6 1
247 663 6 1
248 663 6 1
480 476 6 1
249 663 6 1
481 476 6 1
250 663 6 1
482 476 6 1
251 663 6 1
483 476 6 1
252 663 6 1
484 476 6 1
253 663 6 1
485 476 6 1
254 663 6 1
486 476 6 1
255 663 6 1
256 663 6 1
257 663 6 1
258 663 6 1
259 663 6 1
260 663 6 1
426 594 6 1
261 663 6 1
427 594 6 1
262 663 6 1
428 594 6 1
461 535 6 1
263 663 6 1
429 594 6 1
462 535 6 1
264 663 6 1
430 594 6 1
463 535 6 1
265 663 6 1
431 594 6 1
464 535 6 1
266 663 6 1
432 594 6 1
465 535 6 1
267 663 6 1
433 594 6 1
466 535 6 1
268 663 6 1
467 535 6 1
269 663 6 1
270 663 6 1
271 663 6 1
272 663 6 1
273 663 6 1
274 663 6 1
275 663 6 1
276 663 6 1
277 663 6 1
278 663 6 1
279 663 6 1
280 663 6 1
281 663 6 1
282 663 6 1
283 663 6 1
284 663 6 1
285 663 6 1
286 663 6 1
287 663 6 1
288 663 6 1
289 663 6 1
155 221 7 0
290 663 6 1
156 221 7 0
291 663 6 1
157 221 7 0
292 663 6 1
158 221 7 0
293 663 6 1
159 221 7 0
294 663 6 1
160 221 7 0
295 663 6 1
161 221 7 0
296 663 6 1
162 221 7 0
297 663 6 1
163 221 7 0
298 663 6 1
164 221 7 0
299 663 6 1
165 221 7 0
300 663 6 1
166 221 7 0
301 663 6 1
302 663 6 1
303 663 6 1
304 663 6 1
305 663 6 1
306 663 6 1
307 663 6 1
308 663 6 1
309 663 6 1
310 663 6 1
211 614 6 1
311 663 6 1
212 614 6 1
312 663 6 1
213 614 6 1
313 663 6 1
214 614 6 1
314 663 6 1
215 614 6 1
315 663 6 1
216 614 6 1
217 614 6 1
171 565 6 1
172 565 6 1
173 565 6 1
174 565 6 1
175 565 6 1
176 565 6 1
177 565 6 1
178 565 6 1
477 486 6 1
179 565 6 1
478 486 6 1
180 565 6 1
479 486 6 1
181 565 6 1
480 486 6 1
182 565 6 1
481 486 6 1
416 604 6 1
482 486 6 1
417 604 6 1
483 486 6 1
418 604 6 1
419 604 6 1
420 604 6 1
421 604 6 1
422 604 6 1
423 604 6 1
424 604 6 1
459 545 6 1
460 545 6 1
461 545 6 1
462 545 6 1
463 545 6 1
464 545 6 1
465 545 6 1
144 231 7 0
145 231 7 0
146 231 7 0
147 231 7 0
148 231 7 0
149 231 7 0
150 231 7 0
151 231 7 0
215 624 6 1
216 624 6 1
217 624 6 1
218 624 6 1
219 624 6 1
220 624 6 1
221 624 6 1
222 624 6 1
405 614 6 1
471 496 6 1
406 614 6 1
472 496 6 1
407 614 6 1
473 496 6 1
408 614 6 1
474 496 6 1
409 614 6 1
475 496 6 1
410 614 6 1
476 496 6 1
411 614 6 1
477 496 6 1
412 614 6 1
413 614 6 1
414 614 6 1
185 575 6 1
186 575 6 1
187 575 6 1
188 575 6 1
189 575 6 1
455 555 6 1
190 575 6 1
456 555 6 1
191 575 6 1
457 555 6 1
192 575 6 1
458 555 6 1
193 575 6 1
459 555 6 1
460 555 6 1
461 555 6 1
134 241 7 0
135 241 7 0
136 241 7 0
137 241 7 0
138 241 7 0
139 241 7 0
140 241 7 0
141 241 7 0
222 634 6 1
223 634 6 1
224 634 6 1
225 634 6 1
226 634 6 1
227 634 6 1
228 634 6 1
390 624 6 1
391 624 6 1
392 624 6 1
393 624 6 1
394 624 6 1
493 447 6 1
395 624 6 1
494 447 6 1
396 624 6 1
495 447 6 1
397 624 6 1
496 447 6 1
398 624 6 1
497 447 6 1
399 624 6 1
498 447 6 1
400 624 6 1
499 447 6 1
401 624 6 1
500 447 6 1
402 624 6 1
501 447 6 1
469 506 6 1
470 506 6 1
471 506 6 1
472 506 6 1
473 506 6 1
474 506 6 1
475 506 6 1
451 565 6 1
452 565 6 1
453 565 6 1
454 565 6 1
455 565 6 1
456 565 6 1
457 565 6 1
124 251 7 0
125 251 7 0
193 585 6 1
126 251 7 0
194 585 6 1
127 251 7 0
195 585 6 1
128 251 7 0
196 585 6 1
129 251 7 0
197 585 6 1
130 251 7 0
198 585 6 1
199 585 6 1
200 585 6 1
201 585 6 1
225 644 6 1
226 644 6 1
227 644 6 1
228 644 6 1
229 644 6 1
230 644 6 1
231 644 6 1
375 634 6 1
376 634 6 1
377 634 6 1
378 634 6 1
379 634 6 1
380 634 6 1
381 634 6 1
382 634 6 1
383 634 6 1
384 634 6 1
385 634 6 1
386 634 6 1
387 634 6 1
489 457 6 1
490 457 6 1
491 457 6 1
492 457 6 1
493 457 6 1
494 457 6 1
495 457 6 1
465 516 6 1
466 516 6 1
467 516 6 1
468 516 6 1
469 516 6 1
470 516 6 1
471 516 6 1
444 575 6 1
445 575 6 1
112 261 7 0
446 575 6 1
113 261 7 0
447 575 6 1
114 261 7 0
448 575 6 1
115 261 7 0
449 575 6 1
116 261 7 0
450 575 6 1
117 261 7 0
451 575 6 1
118 261 7 0
119 261 7 0
120 261 7 0
121 261 7 0
122 261 7 0
199 595 6 1
200 595 6 1
201 595 6 1
202 595 6 1
203 595 6 1
204 595 6 1
205 595 6 1
206 595 6 1
361 644 6 1
362 644 6 1
363 644 6 1
364 644 6 1
232 654 6 1
365 644 6 1
233 654 6 1
366 644 6 1
234 654 6 1
367 644 6 1
235 654 6 1
368 644 6 1
236 654 6 1
369 644 6 1
237 654 6 1
370 644 6 1
238 654 6 1
371 644 6 1
239 654 6 1
240 654 6 1
241 654 6 1
242 654 6 1
484 467 6 1
485 467 6 1
486 467 6 1
487 467 6 1
488 467 6 1
489 467 6 1
490 467 6 1
491 467 6 1
463 526 6 1
464 526 6 1
465 526 6 1
466 526 6 1
467 526 6 1
435 585 6 1
468 526 6 1
436 585 6 1
469 526 6 1
437 585 6 1
438 585 6 1
439 585 6 1
440 585 6 1
441 585 6 1
442 585 6 1
204 605 6 1
205 605 6 1
206 605 6 1
207 605 6 1
208 605 6 1
209 605 6 1
210 605 6 1
211 605 6 1
326 654 6 1
327 654 6 1
328 654 6 1
329 654 6 1
330 654 6 1
331 654 6 1
332 654 6 1
333 654 6 1
334 654 6 1
335 654 6 1
336 654 6 1
337 654 6 1
338 654 6 1
339 654 6 1
340 654 6 1
341 654 6 1
342 654 6 1
343 654 6 1
344 654 6 1
345 654 6 1
346 654 6 1
347 654 6 1
348 654 6 1
349 654 6 1
163 556 6 1
164 556 6 1
165 556 6 1
166 556 6 1
167 556 6 1
168 556 6 1
169 556 6 1
170 556 6 1
171 556 6 1
246 664 6 1
247 664 6 1
248 664 6 1
480 477 6 1
249 664 6 1
481 477 6 1
250 664 6 1
482 477 6 1
251 664 6 1
483 477 6 1
252 664 6 1
484 477 6 1
253 664 6 1
485 477 6 1
254 664 6 1
486 477 6 1
255 664 6 1
256 664 6 1
257 664 6 1
258 664 6 1
259 664 6 1
425 595 6 1
260 664 6 1
426 595 6 1
261 664 6 1
427 595 6 1
262 664 6 1
428 595 6 1
461 536 6 1
263 664 6 1
429 595 6 1
462 536 6 1
264 664 6 1
430 595 6 1
463 536 6 1
265 664 6 1
431 595 6 1
464 536 6 1
266 664 6 1
432 595 6 1
465 536 6 1
267 664 6 1
466 536 6 1
268 664 6 1
467 536 6 1
269 664 6 1
270 664 6 1
271 664 6 1
272 664 6 1
273 664 6 1
274 664 6 1
275 664 6 1
276 664 6 1
277 664 6 1
278 664 6 1
279 664 6 1
280 664 6 1
281 664 6 1
282 664 6 1
283 664 6 1
284 664 6 1
285 664 6 1
286 664 6 1
287 664 6 1
153 222 7 0
288 664 6 1
154 222 7 0
289 664 6 1
155 222 7 0
290 664 6 1
156 222 7 0
291 664 6 1
157 222 7 0
292 664 6 1
158 222 7 0
293 664 6 1
159 222 7 0
294 664 6 1
160 222 7 0
295 664 6 1
161 222 7 0
296 664 6 1
162 222 7 0
297 664 6 1
163 222 7 0
298 664 6 1
164 222 7 0
299 664 6 1
300 664 6 1
301 664 6 1
302 664 6 1
303 664 6 1
304 664 6 1
305 664 6 1
306 664 6 1
307 664 6 1
308 664 6 1
309 664 6 1
310 664 6 1
211 615 6 1
311 664 6 1
212 615 6 1
312 664 6 1
213 615 6 1
214 615 6 1
215 615 6 1
216 615 6 1
217 615 6 1
172 566 6 1
173 566 6 1
174 566 6 1
175 566 6 1
176 566 6 1
177 566 6 1
476 487 6 1
178 566 6 1
477 487 6 1
179 566 6 1
478 487 6 1
180 566 6 1
479 487 6 1
181 566 6 1
480 487 6 1
182 566 6 1
415 605 6 1
481 487 6 1
183 566 6 1
416 605 6 1
482 487 6 1
184 566 6 1
417 605 6 1
483 487 6 1
418 605 6 1
419 605 6 1
420 605 6 1
421 605 6 1
422 605 6 1
423 605 6 1
459 546 6 1
460 546 6 1
461 546 6 1
462 546 6 1
463 546 6 1
464 546 6 1
465 546 6 1
143 232 7 0
144 232 7 0
145 232 7 0
146 232 7 0
147 232 7 0
148 232 7 0
149 232 7 0
150 232 7 0
216 625 6 1
217 625 6 1
218 625 6 1
219 625 6 1
220 625 6 1
221 625 6 1
222 625 6 1
223 625 6 1
405 615 6 1
471 497 6 1
406 615 6 1
472 497 6 1
407 615 6 1
473 497 6 1
408 615 6 1
474 497 6 1
409 615 6 1
475 497 6 1
410 615 6 1
476 497 6 1
411 615 6 1
477 497 6 1
412 615 6 1
413 615 6 1
187 576 6 1
188 576 6 1
189 576 6 1
455 556 6 1
190 576 6 1
456 556 6 1
191 576 6 1
457 556 6 1
192 576 6 1
458 556 6 1
193 576 6 1
459 556 6 1
194 576 6 1
460 556 6 1
461 556 6 1
132 242 7 0
133 242 7 0
134 242 7 0
135 242 7 0
136 242 7 0
137 242 7 0
138 242 7 0
139 242 7 0
140 242 7 0
222 635 6 1
223 635 6 1
224 635 6 1
225 635 6 1
226 635 6 1
227 635 6 1
228 635 6 1
389 625 6 1
390 625 6 1
391 625 6 1
392 625 6 1
393 625 6 1
394 625 6 1
493 448 6 1
395 625 6 1
494 448 6 1
396 625 6 1
495 448 6 1
397 625 6 1
496 448 6 1
398 625 6 1
497 448 6 1
399 625 6 1
498 448 6 1
400 625 6 1
499 448 6 1
401 625 6 1
500 448 6 1
468 507 6 1
501 448 6 1
469 507 6 1
470 507 6 1
471 507 6 1
472 507 6 1
473 507 6 1
474 507 6 1
451 566 6 1
452 566 6 1
453 566 6 1
454 566 6 1
455 566 6 1
456 566 6 1
123 252 7 0
457 566 6 1
124 252 7 0
125 252 7 0
126 252 7 0
194 586 6 1
127 252 7 0
195 586 6 1
128 252 7 0
196 586 6 1
129 252 7 0
197 586 6 1
198 586 6 1
199 586 6 1
200 586 6 1
201 586 6 1
225 645 6 1
226 645 6 1
227 645 6 1
228 645 6 1
229 645 6 1
230 645 6 1
231 645 6 1
232 645 6 1
374 635 6 1
375 635 6 1
376 635 6 1
377 635 6 1
378 635 6 1
379 635 6 1
380 635 6 1
381 635 6 1
382 635 6 1
383 635 6 1
384 635 6 1
385 635 6 1
489 458 6 1
490 458 6 1
491 458 6 1
492 458 6 1
493 458 6 1
494 458 6 1
495 458 6 1
465 517 6 1
466 517 6 1
467 517 6 1
468 517 6 1
469 517 6 1
470 517 6 1
471 517 6 1
443 576 6 1
444 576 6 1
111 262 7 0
445 576 6 1
112 262 7 0
446 576 6 1
113 262 7 0
447 576 6 1
114 262 7 0
448 576 6 1
115 262 7 0
449 576 6 1
116 262 7 0
450 576 6 1
117 262 7 0
118 262 7 0
119 262 7 0
120 262 7 0
200 596 6 1
201 596 6 1
202 596 6 1
203 596 6 1
204 596 6 1
205 596 6 1
206 596 6 1
207 596 6 1
357 645 6 1
358 645 6 1
359 645 6 1
360 645 6 1
361 645 6 1
362 645 6 1
363 645 6 1
364 645 6 1
365 645 6 1
366 645 6 1
234 655 6 1
367 645 6 1
235 655 6 1
368 645 6 1
236 655 6 1
369 645 6 1
237 655 6 1
238 655 6 1
239 655 6 1
240 655 6 1
241 655 6 1
242 655 6 1
243 655 6 1
484 468 6 1
485 468 6 1
486 468 6 1
487 468 6 1
488 468 6 1
489 468 6 1
490 468 6 1
491 468 6 1
462 527 6 1
463 527 6 1
464 527 6 1
465 527 6 1
433 586 6 1
466 527 6 1
434 586 6 1
467 527 6 1
435 586 6 1
468 527 6 1
436 586 6 1
437 586 6 1
438 586 6 1
439 586 6 1
440 586 6 1
441 586 6 1
442 586 6 1
205 606 6 1
206 606 6 1
207 606 6 1
208 606 6 1
209 606 6 1
210 606 6 1
211 606 6 1
323 655 6 1
324 655 6 1
325 655 6 1
326 655 6 1
327 655 6 1
328 655 6 1
329 655 6 1
330 655 6 1
331 655 6 1
332 655 6 1
333 655 6 1
334 655 6 1
335 655 6 1
336 655 6 1
337 655 6 1
338 655 6 1
339 655 6 1
340 655 6 1
341 655 6 1
342 655 6 1
343 655 6 1
344 655 6 1
345 655 6 1
346 655 6 1
162 557 6 1
163 557 6 1
164 557 6 1
165 557 6 1
166 557 6 1
167 557 6 1
168 557 6 1
169 557 6 1
170 557 6 1
171 557 6 1
172 557 6 1
479 478 6 1
248 665 6 1
480 478 6 1
249 665 6 1
481 478 6 1
250 665 6 1
482 478 6 1
251 665 6 1
483 478 6 1
252 665 6 1
484 478 6 1
253 665 6 1
485 478 6 1
254 665 6 1
255 665 6 1
256 665 6 1
257 665 6 1
258 665 6 1
424 596 6 1
259 665 6 1
425 596 6 1
260 665 6 1
426 596 6 1
261 665 6 1
427 596 6 1
460 537 6 1
262 665 6 1
428 596 6 1
461 537 6 1
263 665 6 1
429 596 6 1
462 537 6 1
264 665 6 1
430 596 6 1
463 537 6 1
265 665 6 1
431 596 6 1
464 537 6 1
266 665 6 1
465 537 6 1
267 665 6 1
466 537 6 1
268 665 6 1
269 665 6 1
270 665 6 1
271 665 6 1
272 665 6 1
273 665 6 1
274 665 6 1
275 665 6 1
276 665 6 1
277 665 6 1
278 665 6 1
279 665 6 1
280 665 6 1
281 665 6 1
282 665 6 1
283 665 6 1
284 665 6 1
285 665 6 1
286 665 6 1
152 223 7 0
287 665 6 1
153 223 7 0
288 665 6 1
154 223 7 0
289 665 6 1
155 223 7 0
290 665 6 1
156 223 7 0
291 665 6 1
157 223 7 0
292 665 6 1
158 223 7 0
293 665 6 1
159 223 7 0
294 665 6 1
160 223 7 0
295 665 6 1
161 223 7 0
296 665 6 1
162 223 7 0
297 665 6 1
298 665 6 1
299 665 6 1
300 665 6 1
301 665 6 1
302 665 6 1
303 665 6 1
304 665 6 1
305 665 6 1
306 665 6 1
307 665 6 1
308 665 6 1
309 665 6 1
310 665 6 1
212 616 6 1
213 616 6 1
214 616 6 1
215 616 6 1
216 616 6 1
217 616 6 1
218 616 6 1
174 567 6 1
175 567 6 1
176 567 6 1
177 567 6 1
476 488 6 1
178 567 6 1
477 488 6 1
179 567 6 1
478 488 6 1
180 567 6 1
479 488 6 1
181 567 6 1
414 606 6 1
480 488 6 1
182 567 6 1
415 606 6 1
481 488 6 1
183 567 6 1
416 606 6 1
482 488 6 1
184 567 6 1
417 606 6 1
185 567 6 1
418 606 6 1
186 567 6 1
419 606 6 1
420 606 6 1
421 606 6 1
422 606 6 1
458 547 6 1
459 547 6 1
460 547 6 1
461 547 6 1
462 547 6 1
463 547 6 1
464 547 6 1
141 233 7 0
142 233 7 0
143 233 7 0
144 233 7 0
145 233 7 0
146 233 7 0
147 233 7 0
148 233 7 0
149 233 7 0
217 626 6 1
218 626 6 1
219 626 6 1
220 626 6 1
221 626 6 1
222 626 6 1
223 626 6 1
224 626 6 1
404 616 6 1
470 498 6 1
405 616 6 1
471 498 6 1
406 616 6 1
472 498 6 1
407 616 6 1
473 498 6 1
408 616 6 1
474 498 6 1
409 616 6 1
475 498 6 1
410 616 6 1
476 498 6 1
411 616 6 1
188 577 6 1
189 577 6 1
455 557 6 1
190 577 6 1
456 557 6 1
191 577 6 1
457 557 6 1
192 577 6 1
458 557 6 1
193 577 6 1
459 557 6 1
194 577 6 1
460 557 6 1
195 577 6 1
461 557 6 1
196 577 6 1
131 243 7 0
132 243 7 0
133 243 7 0
134 243 7 0
135 243 7 0
136 243 7 0
137 243 7 0
138 243 7 0
139 243 7 0
140 243 7 0
222 636 6 1
223 636 6 1
224 636 6 1
225 636 6 1
226 636 6 1
227 636 6 1
228 636 6 1
389 626 6 1
390 626 6 1
391 626 6 1
392 626 6 1
393 626 6 1
492 449 6 1
394 626 6 1
493 449 6 1
395 626 6 1
494 449 6 1
396 626 6 1
495 449 6 1
397 626 6 1
496 449 6 1
398 626 6 1
497 449 6 1
399 626 6 1
498 449 6 1
499 449 6 1
500 449 6 1
468 508 6 1
469 508 6 1
470 508 6 1
471 508 6 1
472 508 6 1
473 508 6 1
474 508 6 1
450 567 6 1
451 567 6 1
452 567 6 1
453 567 6 1
454 567 6 1
455 567 6 1
122 253 7 0
456 567 6 1
123 253 7 0
124 253 7 0
125 253 7 0
126 253 7 0
194 587 6 1
127 253 7 0
195 587 6 1
128 253 7 0
196 587 6 1
129 253 7 0
197 587 6 1
198 587 6 1
199 587 6 1
200 587 6 1
201 587 6 1
202 587 6 1
226 646 6 1
227 646 6 1
228 646 6 1
229 646 6 1
230 646 6 1
231 646 6 1
232 646 6 1
233 646 6 1
373 636 6 1
374 636 6 1
375 636 6 1
376 636 6 1
377 636 6 1
378 636 6 1
379 636 6 1
380 636 6 1
381 636 6 1
382 636 6 1
383 636 6 1
488 459 6 1
489 459 6 1
490 459 6 1
491 459 6 1
492 459 6 1
493 459 6 1
494 459 6 1
465 518 6 1
466 518 6 1
467 518 6 1
468 518 6 1
469 518 6 1
470 518 6 1
471 518 6 1
442 577 6 1
443 577 6 1
444 577 6 1
111 263 7 0
445 577 6 1
112 263 7 0
446 577 6 1
113 263 7 0
447 577 6 1
114 263 7 0
448 577 6 1
115 263 7 0
449 577 6 1
116 263 7 0
450 577 6 1
117 263 7 0
118 263 7 0
201 597 6 1
202 597 6 1
203 597 6 1
204 597 6 1
205 597 6 1
206 597 6 1
207 597 6 1
353 646 6 1
354 646 6 1
355 646 6 1
356 646 6 1
357 646 6 1
358 646 6 1
359 646 6 1
360 646 6 1
361 646 6 1
362 646 6 1
363 646 6 1
364 646 6 1
365 646 6 1
366 646 6 1
367 646 6 1
235 656 6 1
236 656 6 1
237 656 6 1
238 656 6 1
239 656 6 1
240 656 6 1
241 656 6 1
242 656 6 1
243 656 6 1
244 656 6 1
483 469 6 1
484 469 6 1
485 469 6 1
486 469 6 1
487 469 6 1
488 469 6 1
489 469 6 1
490 469 6 1
462 528 6 1
463 528 6 1
464 528 6 1
432 587 6 1
465 528 6 1
433 587 6 1
466 528 6 1
434 587 6 1
467 528 6 1
435 587 6 1
468 528 6 1
436 587 6 1
437 587 6 1
438 587 6 1
439 587 6 1
440 587 6 1
441 587 6 1
205 607 6 1
206 607 6 1
207 607 6 1
208 607 6 1
209 607 6 1
210 607 6 1
211 607 6 1
212 607 6 1
316 656 6 1
317 656 6 1
318 656 6 1
319 656 6 1
320 656 6 1
321 656 6 1
322 656 6 1
323 656 6 1
324 656 6 1
325 656 6 1
326 656 6 1
327 656 6 1
328 656 6 1
329 656 6 1
330 656 6 1
331 656 6 1
332 656 6 1
333 656 6 1
334 656 6 1
335 656 6 1
336 656 6 1
337 656 6 1
338 656 6 1
339 656 6 1
340 656 6 1
341 656 6 1
342 656 6 1
343 656 6 1
163 558 6 1
164 558 6 1
165 558 6 1
166 558 6 1
167 558 6 1
168 558 6 1
169 558 6 1
170 558 6 1
171 558 6 1
172 558 6 1
173 558 6 1
479 479 6 1
480 479 6 1
481 479 6 1
250 666 6 1
482 479 6 1
251 666 6 1
483 479 6 1
252 666 6 1
484 479 6 1
253 666 6 1
485 479 6 1
254 666 6 1
255 666 6 1
256 666 6 1
257 666 6 1
423 597 6 1
258 666 6 1
424 597 6 1
259 666 6 1
425 597 6 1
260 666 6 1
426 597 6 1
261 666 6 1
427 597 6 1
460 538 6 1
262 666 6 1
428 597 6 1
461 538 6 1
263 666 6 1
429 597 6 1
462 538 6 1
264 666 6 1
430 597 6 1
463 538 6 1
265 666 6 1
431 597 6 1
464 538 6 1
266 666 6 1
465 538 6 1
267 666 6 1
466 538 6 1
268 666 6 1
269 666 6 1
270 666 6 1
271 666 6 1
272 666 6 1
273 666 6 1
274 666 6 1
275 666 6 1
276 666 6 1
277 666 6 1
278 666 6 1
279 666 6 1
280 666 6 1
281 666 6 1
282 666 6 1
283 666 6 1
284 666 6 1
285 666 6 1
151 224 7 0
286 666 6 1
152 224 7 0
287 666 6 1
153 224 7 0
288 666 6 1
154 224 7 0
289 666 6 1
155 224 7 0
290 666 6 1
156 224 7 0
291 666 6 1
157 224 7 0
292 666 6 1
158 224 7 0
293 666 6 1
159 224 7 0
294 666 6 1
160 224 7 0
295 666 6 1
161 224 7 0
296 666 6 1
297 666 6 1
298 666 6 1
299 666 6 1
300 666 6 1
301 666 6 1
302 666 6 1
303 666 6 1
304 666 6 1
305 666 6 1
306 666 6 1
212 617 6 1
213 617 6 1
214 617 6 1
215 617 6 1
216 617 6 1
217 617 6 1
218 617 6 1
175 568 6 1
176 568 6 1
475 489 6 1
177 568 6 1
476 489 6 1
178 568 6 1
477 489 6 1
179 568 6 1
478 489 6 1
180 568 6 1
479 489 6 1
181 568 6 1
414 607 6 1
480 489 6 1
182 568 6 1
415 607 6 1
481 489 6 1
183 568 6 1
416 607 6 1
482 489 6 1
184 568 6 1
417 607 6 1
185 568 6 1
418 607 6 1
186 568 6 1
419 607 6 1
187 568 6 1
420 607 6 1
421 607 6 1
458 548 6 1
459 548 6 1
460 548 6 1
461 548 6 1
462 548 6 1
463 548 6 1
464 548 6 1
140 234 7 0
141 234 7 0
142 234 7 0
143 234 7 0
144 234 7 0
145 234 7 0
146 234 7 0
147 234 7 0
148 234 7 0
149 234 7 0
217 627 6 1
218 627 6 1
219 627 6 1
220 627 6 1
221 627 6 1
222 627 6 1
223 627 6 1
224 627 6 1
497 440 6 1
498 440 6 1
499 440 6 1
402 617 6 1
403 617 6 1
404 617 6 1
470 499 6 1
405 617 6 1
471 499 6 1
406 617 6 1
472 499 6 1
407 617 6 1
473 499 6 1
408 617 6 1
474 499 6 1
409 617 6 1
475 499 6 1
410 617 6 1
476 499 6 1
189 578 6 1
455 558 6 1
190 578 6 1
456 558 6 1
191 578 6 1
457 558 6 1
192 578 6 1
458 558 6 1
193 578 6 1
459 558 6 1
194 578 6 1
460 558 6 1
195 578 6 1
461 558 6 1
196 578 6 1
197 578 6 1
130 244 7 0
131 244 7 0
132 244 7 0
133 244 7 0
134 244 7 0
135 244 7 0
136 244 7 0
137 244 7 0
138 244 7 0
139 244 7 0
222 637 6 1
223 637 6 1
224 637 6 1
225 637 6 1
226 637 6 1
227 637 6 1
228 637 6 1
387 627 6 1
388 627 6 1
389 627 6 1
390 627 6 1
391 627 6 1
392 627 6 1
393 627 6 1
492 450 6 1
394 627 6 1
493 450 6 1
395 627 6 1
494 450 6 1
396 627 6 1
495 450 6 1
397 627 6 1
496 450 6 1
398 627 6 1
497 450 6 1
498 450 6 1
499 450 6 1
468 509 6 1
469 509 6 1
470 509 6 1
471 509 6 1
472 509 6 1
473 509 6 1
474 509 6 1
449 568 6 1
450 568 6 1
451 568 6 1
452 568 6 1
453 568 6 1
454 568 6 1
121 254 7 0
455 568 6 1
122 254 7 0
456 568 6 1
123 254 7 0
124 254 7 0
125 254 7 0
126 254 7 0
127 254 7 0
195 588 6 1
128 254 7 0
196 588 6 1
197 588 6 1
198 588 6 1
199 588 6 1
200 588 6 1
201 588 6 1
202 588 6 1
226 647 6 1
227 647 6 1
228 647 6 1
229 647 6 1
230 647 6 1
231 647 6 1
232 647 6 1
233 647 6 1
234 647 6 1
371 637 6 1
372 637 6 1
373 637 6 1
374 637 6 1
375 637 6 1
376 637 6 1
377 637 6 1
378 637 6 1
379 637 6 1
380 637 6 1
488 460 6 1
489 460 6 1
490 460 6 1
491 460 6 1
492 460 6 1
493 460 6 1
494 460 6 1
465 519 6 1
466 519 6 1
467 519 6 1
468 519 6 1
469 519 6 1
470 519 6 1
471 519 6 1
441 578 6 1
442 578 6 1
443 578 6 1
110 264 7 0
444 578 6 1
111 264 7 0
445 578 6 1
112 264 7 0
446 578 6 1
113 264 7 0
447 578 6 1
114 264 7 0
448 578 6 1
115 264 7 0
449 578 6 1
116 264 7 0
117 264 7 0
201 598 6 1
202 598 6 1
203 598 6 1
204 598 6 1
205 598 6 1
206 598 6 1
207 598 6 1
208 598 6 1
350 647 6 1
351 647 6 1
352 647 6 1
353 647 6 1
354 647 6 1
355 647 6 1
356 647 6 1
357 647 6 1
358 647 6 1
359 647 6 1
360 647 6 1
361 647 6 1
362 647 6 1
363 647 6 1
364 647 6 1
365 647 6 1
366 647 6 1
236 657 6 1
237 657 6 1
238 657 6 1
239 657 6 1
240 657 6 1
241 657 6 1
242 657 6 1
243 657 6 1
244 657 6 1
245 657 6 1
482 470 6 1
483 470 6 1
484 470 6 1
485 470 6 1
486 470 6 1
487 470 6 1
488 470 6 1
489 470 6 1
462 529 6 1
463 529 6 1
431 588 6 1
464 529 6 1
432 588 6 1
465 529 6 1
433 588 6 1
466 529 6 1
434 588 6 1
467 529 6 1
435 588 6 1
468 529 6 1
436 588 6 1
437 588 6 1
438 588 6 1
439 588 6 1
440 588 6 1
206 608 6 1
207 608 6 1
208 608 6 1
209 608 6 1
210 608 6 1
211 608 6 1
212 608 6 1
213 608 6 1
313 657 6 1
314 657 6 1
315 657 6 1
316 657 6 1
317 657 6 1
318 657 6 1
319 657 6 1
320 657 6 1
321 657 6 1
322 657 6 1
323 657 6 1
324 657 6 1
325 657 6 1
326 657 6 1
327 657 6 1
328 657 6 1
329 657 6 1
330 657 6 1
331 657 6 1
332 657 6 1
333 657 6 1
334 657 6 1
335 657 6 1
336 657 6 1
337 657 6 1
338 657 6 1
339 657 6 1
340 657 6 1
163 559 6 1
164 559 6 1
165 559 6 1
166 559 6 1
167 559 6 1
168 559 6 1
169 559 6 1
170 559 6 1
171 559 6 1
172 559 6 1
173 559 6 1
174 559 6 1
478 480 6 1
479 480 6 1
480 480 6 1
481 480 6 1
482 480 6 1
483 480 6 1
484 480 6 1
253 667 6 1
254 667 6 1
255 667 6 1
256 667 6 1
422 598 6 1
257 667 6 1
423 598 6 1
258 667 6 1
424 598 6 1
259 667 6 1
425 598 6 1
260 667 6 1
426 598 6 1
261 667 6 1
427 598 6 1
460 539 6 1
262 667 6 1
428 598 6 1
461 539 6 1
263 667 6 1
429 598 6 1
462 539 6 1
264 667 6 1
430 598 6 1
463 539 6 1
265 667 6 1
464 539 6 1
266 667 6 1
465 539 6 1
267 667 6 1
466 539 6 1
268 667 6 1
269 667 6 1
270 667 6 1
271 667 6 1
272 667 6 1
273 667 6 1
274 667 6 1
275 667 6 1
276 667 6 1
277 667 6 1
278 667 6 1
279 667 6 1
280 667 6 1
281 667 6 1
282 667 6 1
283 667 6 1
149 225 7 0
284 667 6 1
150 225 7 0
285 667 6 1
151 225 7 0
286 667 6 1
152 225 7 0
287 667 6 1
153 225 7 0
288 667 6 1
154 225 7 0
289 667 6 1
155 225 7 0
290 667 6 1
156 225 7 0
291 667 6 1
157 225 7 0
292 667 6 1
158 225 7 0
293 667 6 1
159 225 7 0
294 667 6 1
160 225 7 0
295 667 6 1
296 667 6 1
297 667 6 1
298 667 6 1
299 667 6 1
300 667 6 1
301 667 6 1
302 667 6 1
303 667 6 1
304 667 6 1
213 618 6 1
214 618 6 1
215 618 6 1
216 618 6 1
217 618 6 1
218 618 6 1
219 618 6 1
474 490 6 1
475 490 6 1
177 569 6 1
476 490 6 1
178 569 6 1
477 490 6 1
179 569 6 1
478 490 6 1
180 569 6 1
413 608 6 1
479 490 6 1
181 569 6 1
414 608 6 1
480 490 6 1
182 569 6 1
415 608 6 1
481 490 6 1
183 569 6 1
416 608 6 1
184 569 6 1
417 608 6 1
185 569 6 1
418 608 6 1
186 569 6 1
419 608 6 1
187 569 6 1
420 608 6 1
458 549 6 1
459 549 6 1
460 549 6 1
461 549 6 1
462 549 6 1
463 549 6 1
464 549 6 1
139 235 7 0
140 235 7 0
141 235 7 0
142 235 7 0
143 235 7 0
144 235 7 0
145 235 7 0
146 235 7 0
147 235 7 0
148 235 7 0
218 628 6 1
219 628 6 1
220 628 6 1
221 628 6 1
222 628 6 1
223 628 6 1
224 628 6 1
225 628 6 1
495 441 6 1
496 441 6 1
497 441 6 1
498 441 6 1
400 618 6 1
499 441 6 1
401 618 6 1
500 441 6 1
402 618 6 1
501 441 6 1
403 618 6 1
404 618 6 1
470 500 6 1
405 618 6 1
471 500 6 1
406 618 6 1
472 500 6 1
407 618 6 1
473 500 6 1
408 618 6 1
474 500 6 1
409 618 6 1
475 500 6 1
476 500 6 1
454 559 6 1
189 579 6 1
455 559 6 1
190 579 6 1
456 559 6 1
191 579 6 1
457 559 6 1
192 579 6 1
458 559 6 1
193 579 6 1
459 559 6 1
194 579 6 1
460 559 6 1
195 579 6 1
128 245 7 0
196 579 6 1
129 245 7 0
197 579 6 1
130 245 7 0
131 245 7 0
132 245 7 0
133 245 7 0
134 245 7 0
135 245 7 0
136 245 7 0
137 245 7 0
138 245 7 0
222 638 6 1
223 638 6 1
224 638 6 1
225 638 6 1
226 638 6 1
227 638 6 1
228 638 6 1
385 628 6 1
386 628 6 1
387 628 6 1
388 628 6 1
389 628 6 1
390 628 6 1
391 628 6 1
392 628 6 1
393 628 6 1
492 451 6 1
394 628 6 1
493 451 6 1
395 628 6 1
494 451 6 1
396 628 6 1
495 451 6 1
496 451 6 1
497 451 6 1
498 451 6 1
467 510 6 1
468 510 6 1
469 510 6 1
470 510 6 1
471 510 6 1
472 510 6 1
473 510 6 1
448 569 6 1
449 569 6 1
450 569 6 1
451 569 6 1
452 569 6 1
453 569 6 1
120 255 7 0
454 569 6 1
121 255 7 0
455 569 6 1
122 255 7 0
123 255 7 0
124 255 7 0
125 255 7 0
126 255 7 0
127 255 7 0
128 255 7 0
196 589 6 1
197 589 6 1
198 589 6 1
199 589 6 1
200 589 6 1
201 589 6 1
202 589 6 1
227 648 6 1
228 648 6 1
229 648 6 1
230 648 6 1
231 648 6 1
232 648 6 1
233 648 6 1
234 648 6 1
370 638 6 1
371 638 6 1
372 638 6 1
373 638 6 1
374 638 6 1
375 638 6 1
376 638 6 1
377 638 6 1
378 638 6 1
379 638 6 1
487 461 6 1
488 461 6 1
489 461 6 1
490 461 6 1
491 461 6 1
492 461 6 1
493 461 6 1
465 520 6 1
466 520 6 1
467 520 6 1
468 520 6 1
469 520 6 1
470 520 6 1
471 520 6 1
440 579 6 1
441 579 6 1
442 579 6 1
443 579 6 1
444 579 6 1
111 265 7 0
445 579 6 1
112 265 7 0
446 579 6 1
113 265 7 0
447 579 6 1
114 265 7 0
448 579 6 1
115 265 7 0
116 265 7 0
202 599 6 1
203 599 6 1
204 599 6 1
205 599 6 1
206 599 6 1
207 599 6 1
208 599 6 1
347 648 6 1
348 648 6 1
349 648 6 1
350 648 6 1
351 648 6 1
352 648 6 1
353 648 6 1
354 648 6 1
355 648 6 1
356 648 6 1
357 648 6 1
358 648 6 1
359 648 6 1
360 648 6 1
361 648 6 1
362 648 6 1
363 648 6 1
364 648 6 1
365 648 6 1
238 658 6 1
239 658 6 1
240 658 6 1
241 658 6 1
242 658 6 1
243 658 6 1
244 658 6 1
245 658 6 1
246 658 6 1
247 658 6 1
482 471 6 1
483 471 6 1
484 471 6 1
485 471 6 1
486 471 6 1
487 471 6 1
488 471 6 1
462 530 6 1
430 589 6 1
463 530 6 1
431 589 6 1
464 530 6 1
432 589 6 1
465 530 6 1
433 589 6 1
466 530 6 1
434 589 6 1
467 530 6 1
